Wed, Apr 02, 2025
2:01:36 PM

Temperature (K)	B-Field (Gauss)	sample I AB	sample I AD	sample I AC	sample I BD	sample I -AB	sample I -AD	sample I -AC	sample I -BD	Voltage DC	Voltage BC	Voltage BD	Voltage AC	Voltage -DC	Voltage -BC	Voltage -BD	Voltage -AC	
95.9950000	-1318.9000244	0.0000100	0.0000100	0.0000100	0.0000100	-0.0000100	-0.0000100	-0.0000100	-0.0000100	-0.0021032	0.0021705	0.0025401	0.0021463	-0.0021185	-0.0029360	-0.0038083	-0.0026672
97.2850000	-40.8400002	0.0000100	0.0000100	0.0000100	0.0000100	-0.0000100	-0.0000100	-0.0000100	-0.0000100	0.0017211	0.0017255	-0.0001730	-0.0004823	-0.0018111	-0.0024506	-0.0010164	-0.0000616
98.6300000	1307.7000732	0.0000100	0.0000100	0.0000100	0.0000100	-0.0000100	-0.0000100	-0.0000100	-0.0000100	0.0021679	0.0021638	-0.0029698	-0.0034479	-0.0022272	-0.0028772	0.0017605	0.0028987
100.2100000	-1322.1999512	0.0000100	0.0000100	0.0000100	0.0000100	-0.0000100	-0.0000100	-0.0000100	-0.0000100	0.0021993	0.0023583	0.0026213	0.0021534	-0.0022622	-0.0031107	-0.0038626	-0.0026685
101.5500000	-40.8499985	0.0000100	0.0000100	0.0000100	0.0000100	-0.0000100	-0.0000100	-0.0000100	-0.0000100	0.0018662	0.0019036	-0.0001376	-0.0005024	-0.0019656	-0.0026271	-0.0010433	-0.0000275
102.8150000	1306.0999756	0.0000100	0.0000100	0.0000100	0.0000100	-0.0000100	-0.0000100	-0.0000100	-0.0000100	0.0023152	0.0023455	-0.0029672	-0.0035002	-0.0023820	-0.0030640	0.0017785	0.0029728
104.5250000	-1322.1999512	0.0000100	0.0000100	0.0000100	0.0000100	-0.0000100	-0.0000100	-0.0000100	-0.0000100	0.0023564	0.0025521	0.0027014	0.0021682	-0.0024343	-0.0033052	-0.0039210	-0.0026688
105.9250000	-40.7599983	0.0000100	0.0000100	0.0000100	0.0000100	-0.0000100	-0.0000100	-0.0000100	-0.0000100	0.0020302	0.0020981	-0.0000959	-0.0005213	-0.0021220	-0.0028176	-0.0010618	0.0000065
107.2350000	1305.5000000	0.0000100	0.0000100	0.0000100	0.0000100	-0.0000100	-0.0000100	-0.0000100	-0.0000100	0.0024876	0.0025471	-0.0029671	-0.0035662	-0.0025594	-0.0032588	0.0017931	0.0030443
108.7900000	-1322.1999512	0.0000100	0.0000100	0.0000100	0.0000100	-0.0000100	-0.0000100	-0.0000100	-0.0000100	0.0025249	0.0027592	0.0027807	0.0021820	-0.0025974	-0.0035027	-0.0039851	-0.0026739
110.0650000	-40.8499985	0.0000100	0.0000100	0.0000100	0.0000100	-0.0000100	-0.0000100	-0.0000100	-0.0000100	0.0021942	0.0022889	-0.0000674	-0.0005473	-0.0022947	-0.0030127	-0.0010886	0.0000390
111.3200000	1305.0999756	0.0000100	0.0000100	0.0000100	0.0000100	-0.0000100	-0.0000100	-0.0000100	-0.0000100	0.0026506	0.0027422	-0.0029719	-0.0036282	-0.0027286	-0.0034522	0.0018123	0.0031228
112.8600000	-1322.1000977	0.0000100	0.0000100	0.0000100	0.0000100	-0.0000100	-0.0000100	-0.0000100	-0.0000100	0.0026959	0.0029640	0.0028619	0.0021956	-0.0027737	-0.0037012	-0.0040467	-0.0026797
114.1450000	-40.7999992	0.0000100	0.0000100	0.0000100	0.0000100	-0.0000100	-0.0000100	-0.0000100	-0.0000100	0.0023663	0.0024937	-0.0000314	-0.0005731	-0.0024631	-0.0032130	-0.0011147	0.0000745
115.4000000	1304.7000732	0.0000100	0.0000100	0.0000100	0.0000100	-0.0000100	-0.0000100	-0.0000100	-0.0000100	0.0028285	0.0029531	-0.0029759	-0.0037008	-0.0029072	-0.0036622	0.0018292	0.0032019
116.9700000	-1322.0000000	0.0000100	0.0000100	0.0000100	0.0000100	-0.0000100	-0.0000100	-0.0000100	-0.0000100	0.0028784	0.0031852	0.0029520	0.0022148	-0.0029558	-0.0039110	-0.0041203	-0.0026946
118.3950000	-40.6899986	0.0000100	0.0000100	0.0000100	0.0000100	-0.0000100	-0.0000100	-0.0000100	-0.0000100	0.0025563	0.0027252	0.0000156	-0.0006082	-0.0026532	-0.0034360	-0.0011443	0.0001111
119.7500000	1304.4000244	0.0000100	0.0000100	0.0000100	0.0000100	-0.0000100	-0.0000100	-0.0000100	-0.0000100	0.0030221	0.0031822	-0.0029839	-0.0037860	-0.0031085	-0.0038951	0.0018473	0.0032902
121.2950000	-1321.9000244	0.0000100	0.0000100	0.0000100	0.0000100	-0.0000100	-0.0000100	-0.0000100	-0.0000100	0.0030752	0.0034215	0.0030350	0.0022240	-0.0031650	-0.0041563	-0.0042027	-0.0027123
122.5900000	-40.7200012	0.0000100	0.0000100	0.0000100	0.0000100	-0.0000100	-0.0000100	-0.0000100	-0.0000100	0.0027500	0.0029541	0.0000548	-0.0006385	-0.0028569	-0.0036706	-0.0011786	0.0001446
123.8550000	1304.1000977	0.0000100	0.0000100	0.0000100	0.0000100	-0.0000100	-0.0000100	-0.0000100	-0.0000100	0.0032217	0.0034186	-0.0029866	-0.0038676	-0.0033051	-0.0041253	0.0018676	0.0033752
125.4550000	-1321.8000488	0.0000100	0.0000100	0.0000100	0.0000100	-0.0000100	-0.0000100	-0.0000100	-0.0000100	0.0032733	0.0036669	0.0031300	0.0022390	-0.0033688	-0.0043962	-0.0042836	-0.0027222
126.7400000	-40.7500000	0.0000100	0.0000100	0.0000100	0.0000100	-0.0000100	-0.0000100	-0.0000100	-0.0000100	0.0029620	0.0032074	0.0000970	-0.0006698	-0.0030601	-0.0039089	-0.0012106	0.0001860
128.0050000	1304.0000000	0.0000100	0.0000100	0.0000100	0.0000100	-0.0000100	-0.0000100	-0.0000100	-0.0000100	0.0034253	0.0036676	-0.0029947	-0.0039573	-0.0035181	-0.0043693	0.0018811	0.0034651
129.5650000	-1321.6999512	0.0000100	0.0000100	0.0000100	0.0000100	-0.0000100	-0.0000100	-0.0000100	-0.0000100	0.0034881	0.0039225	0.0032258	0.0022520	-0.0035774	-0.0046449	-0.0043637	-0.0027325
130.9400000	-40.7299995	0.0000100	0.0000100	0.0000100	0.0000100	-0.0000100	-0.0000100	-0.0000100	-0.0000100	0.0031707	0.0034624	0.0001419	-0.0007172	-0.0032819	-0.0041738	-0.0012486	0.0002259
132.2300000	1303.7999268	0.0000100	0.0000100	0.0000100	0.0000100	-0.0000100	-0.0000100	-0.0000100	-0.0000100	0.0036485	0.0039367	-0.0029998	-0.0040472	-0.0037365	-0.0046272	0.0019013	0.0035625
133.9400000	-1321.5000000	0.0000100	0.0000100	0.0000100	0.0000100	-0.0000100	-0.0000100	-0.0000100	-0.0000100	0.0037131	0.0042016	0.0033364	0.0022651	-0.0038156	-0.0049143	-0.0044503	-0.0027372
135.3650000	-40.7000008	0.0000100	0.0000100	0.0000100	0.0000100	-0.0000100	-0.0000100	-0.0000100	-0.0000100	0.0034109	0.0037519	0.0002010	-0.0007558	-0.0035241	-0.0044545	-0.0012881	0.0002709
136.6300000	1303.6999512	0.0000100	0.0000100	0.0000100	0.0000100	-0.0000100	-0.0000100	-0.0000100	-0.0000100	0.0038856	0.0042213	-0.0030028	-0.0041502	-0.0039857	-0.0049153	0.0019114	0.0036617
138.1950000	-1321.5000000	0.0000100	0.0000100	0.0000100	0.0000100	-0.0000100	-0.0000100	-0.0000100	-0.0000100	0.0039493	0.0044886	0.0034398	0.0022701	-0.0040563	-0.0052026	-0.0045501	-0.0027515
139.5000000	-40.7000008	0.0000100	0.0000100	0.0000100	0.0000100	-0.0000100	-0.0000100	-0.0000100	-0.0000100	0.0036493	0.0040372	0.0002480	-0.0007981	-0.0037612	-0.0047346	-0.0013280	0.0003159
140.9150000	1303.5000000	0.0000100	0.0000100	0.0000100	0.0000100	-0.0000100	-0.0000100	-0.0000100	-0.0000100	0.0041236	0.0045110	-0.0030030	-0.0042464	-0.0042323	-0.0052015	0.0019298	0.0037678
142.4750000	-1321.6999512	0.0000100	0.0000100	0.0000100	0.0000100	-0.0000100	-0.0000100	-0.0000100	-0.0000100	0.0041958	0.0047932	0.0035512	0.0022798	-0.0043076	-0.0054954	-0.0046437	-0.0027564
143.8250000	-40.6599998	0.0000100	0.0000100	0.0000100	0.0000100	-0.0000100	-0.0000100	-0.0000100	-0.0000100	0.0039041	0.0043500	0.0003018	-0.0008513	-0.0040311	-0.0050474	-0.0013788	0.0003605
145.1250000	1303.5000000	0.0000100	0.0000100	0.0000100	0.0000100	-0.0000100	-0.0000100	-0.0000100	-0.0000100	0.0043791	0.0048171	-0.0030018	-0.0043474	-0.0044934	-0.0055038	0.0019418	0.0038754
146.8100000	-1321.5000000	0.0000100	0.0000100	0.0000100	0.0000100	-0.0000100	-0.0000100	-0.0000100	-0.0000100	0.0044546	0.0051103	0.0036652	0.0022858	-0.0045811	-0.0058159	-0.0047434	-0.0027624
148.2200000	-40.6500015	0.0000100	0.0000100	0.0000100	0.0000100	-0.0000100	-0.0000100	-0.0000100	-0.0000100	0.0041795	0.0046856	0.0003722	-0.0008976	-0.0043075	-0.0053731	-0.0014186	0.0004188
149.4900000	1303.3000488	0.0000100	0.0000100	0.0000100	0.0000100	-0.0000100	-0.0000100	-0.0000100	-0.0000100	0.0046535	0.0051509	-0.0029962	-0.0044529	-0.0047743	-0.0058290	0.0019547	0.0039813
151.0950000	-1321.4000244	0.0000100	0.0000100	0.0000100	0.0000100	-0.0000100	-0.0000100	-0.0000100	-0.0000100	0.0047267	0.0054455	0.0037837	0.0022901	-0.0048597	-0.0061408	-0.0048399	-0.0027618
152.4900000	-40.6500015	0.0000100	0.0000100	0.0000100	0.0000100	-0.0000100	-0.0000100	-0.0000100	-0.0000100	0.0044621	0.0050292	0.0004304	-0.0009482	-0.0045992	-0.0057085	-0.0014671	0.0004713
153.7650000	1303.1999512	0.0000100	0.0000100	0.0000100	0.0000100	-0.0000100	-0.0000100	-0.0000100	-0.0000100	0.0049296	0.0054904	-0.0029881	-0.0045687	-0.0050643	-0.0061642	0.0019598	0.0040910
155.3600000	-1321.3000488	0.0000100	0.0000100	0.0000100	0.0000100	-0.0000100	-0.0000100	-0.0000100	-0.0000100	0.0050125	0.0057937	0.0039050	0.0022889	-0.0051500	-0.0064841	-0.0049439	-0.0027645
156.7700000	-40.5699997	0.0000100	0.0000100	0.0000100	0.0000100	-0.0000100	-0.0000100	-0.0000100	-0.0000100	0.0047504	0.0053828	0.0004980	-0.0010043	-0.0049031	-0.0060608	-0.0015156	0.0005297
158.0400000	1303.0999756	0.0000100	0.0000100	0.0000100	0.0000100	-0.0000100	-0.0000100	-0.0000100	-0.0000100	0.0052193	0.0058420	-0.0029744	-0.0046739	-0.0053674	-0.0065110	0.0019718	0.0042016
159.6300000	-1321.3000488	0.0000100	0.0000100	0.0000100	0.0000100	-0.0000100	-0.0000100	-0.0000100	-0.0000100	0.0052973	0.0061537	0.0040280	0.0022843	-0.0054580	-0.0068355	-0.0050471	-0.0027620
160.8900000	-40.5900002	0.0000100	0.0000100	0.0000100	0.0000100	-0.0000100	-0.0000100	-0.0000100	-0.0000100	0.0050326	0.0057330	0.0005662	-0.0010665	-0.0052069	-0.0064105	-0.0015624	0.0005831
162.2250000	1303.0999756	0.0000100	0.0000100	0.0000100	0.0000100	-0.0000100	-0.0000100	-0.0000100	-0.0000100	0.0054931	0.0061843	-0.0029552	-0.0047872	-0.0056706	-0.0068555	0.0019774	0.0043031
163.9150000	-1321.2000732	0.0000100	0.0000100	0.0000100	0.0000100	-0.0000100	-0.0000100	-0.0000100	-0.0000100	0.0055821	0.0065147	0.0041557	0.0022772	-0.0057712	-0.0071928	-0.0051352	-0.0027529
165.1750000	-40.5699997	0.0000100	0.0000100	0.0000100	0.0000100	-0.0000100	-0.0000100	-0.0000100	-0.0000100	0.0053270	0.0061025	0.0006471	-0.0011241	-0.0055237	-0.0067708	-0.0016011	0.0006463
166.4950000	1302.8999023	0.0000100	0.0000100	0.0000100	0.0000100	-0.0000100	-0.0000100	-0.0000100	-0.0000100	0.0057786	0.0065493	-0.0029195	-0.0048919	-0.0059964	-0.0072183	0.0019896	0.0044201
168.1300000	-1321.2000732	0.0000100	0.0000100	0.0000100	0.0000100	-0.0000100	-0.0000100	-0.0000100	-0.0000100	0.0058543	0.0068701	0.0042885	0.0022796	-0.0061075	-0.0075674	-0.0052193	-0.0027259
169.4450000	-40.5699997	0.0000100	0.0000100	0.0000100	0.0000100	-0.0000100	-0.0000100	-0.0000100	-0.0000100	0.0055925	0.0064566	0.0007353	-0.0011603	-0.0058823	-0.0071650	-0.0016334	0.0007348
170.8500000	1302.8000488	0.0000100	0.0000100	0.0000100	0.0000100	-0.0000100	-0.0000100	-0.0000100	-0.0000100	0.0060451	0.0069049	-0.0028767	-0.0049657	-0.0063662	-0.0076251	0.0020000	0.0045686
172.4650000	-1321.2000732	0.0000100	0.0000100	0.0000100	0.0000100	-0.0000100	-0.0000100	-0.0000100	-0.0000100	0.0061211	0.0072267	0.0044258	0.0023030	-0.0064812	-0.0079805	-0.0053069	-0.0026796
173.8100000	-40.5400009	0.0000100	0.0000100	0.0000100	0.0000100	-0.0000100	-0.0000100	-0.0000100	-0.0000100	0.0058874	0.0068420	0.0008266	-0.0012010	-0.0062648	-0.0075887	-0.0016777	0.0008263
175.2700000	1302.5999756	0.0000100	0.0000100	0.0000100	0.0000100	-0.0000100	-0.0000100	-0.0000100	-0.0000100	0.0063572	0.0073067	-0.0028403	-0.0050648	-0.0067400	-0.0080471	0.0019996	0.0047002
176.9000000	-1320.8999023	0.0000100	0.0000100	0.0000100	0.0000100	-0.0000100	-0.0000100	-0.0000100	-0.0000100	0.0064640	0.0076607	0.0045673	0.0022849	-0.0068491	-0.0084112	-0.0054118	-0.0026525
178.2700000	-40.4399986	0.0000100	0.0000100	0.0000100	0.0000100	-0.0000100	-0.0000100	-0.0000100	-0.0000100	0.0062512	0.0072932	0.0009104	-0.0012674	-0.0066402	-0.0080319	-0.0017452	0.0009019
179.6300000	1302.5999756	0.0000100	0.0000100	0.0000100	0.0000100	-0.0000100	-0.0000100	-0.0000100	-0.0000100	0.0067075	0.0077344	-0.0028044	-0.0051844	-0.0071023	-0.0084662	0.0019883	0.0048151
181.3300000	-1320.8999023	0.0000100	0.0000100	0.0000100	0.0000100	-0.0000100	-0.0000100	-0.0000100	-0.0000100	0.0068257	0.0081091	0.0046997	0.0022598	-0.0072249	-0.0088489	-0.0055269	-0.0026262
182.6750000	-40.7000008	0.0000100	0.0000100	0.0000100	0.0000100	-0.0000100	-0.0000100	-0.0000100	-0.0000100	0.0066251	0.0077504	0.0009961	-0.0013431	-0.0070273	-0.0084832	-0.0018163	0.0009733
183.9850000	1302.4000244	0.0000100	0.0000100	0.0000100	0.0000100	-0.0000100	-0.0000100	-0.0000100	-0.0000100	0.0070832	0.0081937	-0.0027649	-0.0053072	-0.0074802	-0.0089160	0.0019634	0.0049412
185.6200000	-1320.8999023	0.0000100	0.0000100	0.0000100	0.0000100	-0.0000100	-0.0000100	-0.0000100	-0.0000100	0.0071947	0.0085567	0.0048234	0.0022281	-0.0075938	-0.0092849	-0.0056334	-0.0025999
186.9950000	-40.4700012	0.0000100	0.0000100	0.0000100	0.0000100	-0.0000100	-0.0000100	-0.0000100	-0.0000100	0.0070007	0.0082108	0.0010836	-0.0014234	-0.0074063	-0.0089310	-0.0018820	0.0010420
188.4200000	1302.2999268	0.0000100	0.0000100	0.0000100	0.0000100	-0.0000100	-0.0000100	-0.0000100	-0.0000100	0.0074651	0.0086617	-0.0027239	-0.0054385	-0.0078734	-0.0093763	0.0019397	0.0050618
190.0250000	-1321.0000000	0.0000100	0.0000100	0.0000100	0.0000100	-0.0000100	-0.0000100	-0.0000100	-0.0000100	0.0075864	0.0090422	0.0049587	0.0021882	-0.0079894	-0.0097567	-0.0057536	-0.0025720
191.3000000	-40.4500008	0.0000100	0.0000100	0.0000100	0.0000100	-0.0000100	-0.0000100	-0.0000100	-0.0000100	0.0073931	0.0086928	0.0011707	-0.0015149	-0.0078079	-0.0094050	-0.0019558	0.0011171
192.6150000	1302.2999268	0.0000100	0.0000100	0.0000100	0.0000100	-0.0000100	-0.0000100	-0.0000100	-0.0000100	0.0078472	0.0091252	-0.0026815	-0.0055622	-0.0082583	-0.0098271	0.0019064	0.0051699
194.2300000	-1320.7000732	0.0000100	0.0000100	0.0000100	0.0000100	-0.0000100	-0.0000100	-0.0000100	-0.0000100	0.0079664	0.0095115	0.0050893	0.0021477	-0.0083728	-0.0102110	-0.0058548	-0.0025341
195.6550000	-40.5200005	0.0000100	0.0000100	0.0000100	0.0000100	-0.0000100	-0.0000100	-0.0000100	-0.0000100	0.0078051	0.0091994	0.0012717	-0.0015967	-0.0082143	-0.0098898	-0.0020281	0.0011981
197.0700000	1302.1999512	0.0000100	0.0000100	0.0000100	0.0000100	-0.0000100	-0.0000100	-0.0000100	-0.0000100	0.0082630	0.0096349	-0.0026234	-0.0056908	-0.0086703	-0.0103157	0.0018778	0.0052876
198.8500000	-1320.8999023	0.0000100	0.0000100	0.0000100	0.0000100	-0.0000100	-0.0000100	-0.0000100	-0.0000100	0.0083982	0.0100401	0.0052266	0.0020919	-0.0088167	-0.0107300	-0.0059777	-0.0024967
200.3700000	-40.6199989	0.0000100	0.0000100	0.0000100	0.0000100	-0.0000100	-0.0000100	-0.0000100	-0.0000100	0.0082460	0.0097423	0.0013691	-0.0016976	-0.0086714	-0.0104254	-0.0021046	0.0012831
201.8000000	1302.0999756	0.0000100	0.0000100	0.0000100	0.0000100	-0.0000100	-0.0000100	-0.0000100	-0.0000100	0.0087154	0.0101928	-0.0025542	-0.0058267	-0.0091326	-0.0108551	0.0018437	0.0054221
203.6500000	-1320.8999023	0.0000100	0.0000100	0.0000100	0.0000100	-0.0000100	-0.0000100	-0.0000100	-0.0000100	0.0088575	0.0106105	0.0053784	0.0020280	-0.0092843	-0.0112854	-0.0060998	-0.0024527
205.1000000	-40.4399986	0.0000100	0.0000100	0.0000100	0.0000100	-0.0000100	-0.0000100	-0.0000100	-0.0000100	0.0087216	0.0103251	0.0014813	-0.0018000	-0.0091489	-0.0109917	-0.0021917	0.0013775
206.6000000	1302.0999756	0.0000100	0.0000100	0.0000100	0.0000100	-0.0000100	-0.0000100	-0.0000100	-0.0000100	0.0091848	0.0107673	-0.0024867	-0.0059706	-0.0096134	-0.0114219	0.0017966	0.0055490
208.3500000	-1320.8999023	0.0000100	0.0000100	0.0000100	0.0000100	-0.0000100	-0.0000100	-0.0000100	-0.0000100	0.0093295	0.0111958	0.0055303	0.0019583	-0.0097672	-0.0118539	-0.0062231	-0.0023935
209.8500000	-40.4700012	0.0000100	0.0000100	0.0000100	0.0000100	-0.0000100	-0.0000100	-0.0000100	-0.0000100	0.0092053	0.0109255	0.0015971	-0.0019096	-0.0096437	-0.0115755	-0.0022798	0.0014664
211.3500000	1302.1999512	0.0000100	0.0000100	0.0000100	0.0000100	-0.0000100	-0.0000100	-0.0000100	-0.0000100	0.0096669	0.0113606	-0.0024044	-0.0061147	-0.0101018	-0.0119977	0.0017380	0.0056741
213.1500000	-1320.8999023	0.0000100	0.0000100	0.0000100	0.0000100	-0.0000100	-0.0000100	-0.0000100	-0.0000100	0.0098112	0.0117999	0.0056829	0.0018815	-0.0102610	-0.0124338	-0.0063398	-0.0023341
214.6500000	-40.4300003	0.0000100	0.0000100	0.0000100	0.0000100	-0.0000100	-0.0000100	-0.0000100	-0.0000100	0.0096957	0.0115419	0.0017271	-0.0020245	-0.0101494	-0.0121634	-0.0023608	0.0015642
216.1000000	1302.1999512	0.0000100	0.0000100	0.0000100	0.0000100	-0.0000100	-0.0000100	-0.0000100	-0.0000100	0.0101427	0.0119688	-0.0023009	-0.0062577	-0.0106037	-0.0125748	0.0016929	0.0057941
217.9500000	-1321.0000000	0.0000100	0.0000100	0.0000100	0.0000100	-0.0000100	-0.0000100	-0.0000100	-0.0000100	0.0102848	0.0124179	0.0058549	0.0018000	-0.0107710	-0.0130164	-0.0064316	-0.0022572
219.4500000	-40.5499992	0.0000100	0.0000100	0.0000100	0.0000100	-0.0000100	-0.0000100	-0.0000100	-0.0000100	0.0101699	0.0121627	0.0018777	-0.0021237	-0.0106781	-0.0127562	-0.0024238	0.0016734
220.9500000	1302.1999512	0.0000100	0.0000100	0.0000100	0.0000100	-0.0000100	-0.0000100	-0.0000100	-0.0000100	0.0105867	0.0125765	-0.0021533	-0.0063583	-0.0111611	-0.0131682	0.0016694	0.0059436
222.7000000	-1321.0999756	0.0000100	0.0000100	0.0000100	0.0000100	-0.0000100	-0.0000100	-0.0000100	-0.0000100	0.0107359	0.0130314	0.0060344	0.0017320	-0.0113180	-0.0136141	-0.0064994	-0.0021512
224.2000000	-40.4700012	0.0000100	0.0000100	0.0000100	0.0000100	-0.0000100	-0.0000100	-0.0000100	-0.0000100	0.0106398	0.0127879	0.0020264	-0.0022206	-0.0112231	-0.0133651	-0.0024900	0.0017993
225.7000000	1302.2999268	0.0000100	0.0000100	0.0000100	0.0000100	-0.0000100	-0.0000100	-0.0000100	-0.0000100	0.0110894	0.0132062	-0.0020389	-0.0064773	-0.0116714	-0.0137829	0.0015773	0.0060561
227.5000000	-1320.8999023	0.0000100	0.0000100	0.0000100	0.0000100	-0.0000100	-0.0000100	-0.0000100	-0.0000100	0.0112506	0.0136520	0.0061484	0.0016248	-0.0118251	-0.0142212	-0.0066021	-0.0020502
229.0000000	-40.3499985	0.0000100	0.0000100	0.0000100	0.0000100	-0.0000100	-0.0000100	-0.0000100	-0.0000100	0.0111591	0.0134184	0.0021375	-0.0023347	-0.0117427	-0.0139916	-0.0025986	0.0019032
230.5000000	1302.2999268	0.0000100	0.0000100	0.0000100	0.0000100	-0.0000100	-0.0000100	-0.0000100	-0.0000100	0.0115984	0.0138237	-0.0019168	-0.0065771	-0.0121691	-0.0143847	0.0014583	0.0061385
232.3500000	-1321.0000000	0.0000100	0.0000100	0.0000100	0.0000100	-0.0000100	-0.0000100	-0.0000100	-0.0000100	0.0117474	0.0142569	0.0062251	0.0014810	-0.0123140	-0.0148094	-0.0066746	-0.0019203
233.8000000	-40.5499992	0.0000100	0.0000100	0.0000100	0.0000100	-0.0000100	-0.0000100	-0.0000100	-0.0000100	0.0116567	0.0140238	0.0022474	-0.0024521	-0.0122143	-0.0145683	-0.0026972	0.0019988
235.4000000	1302.1999512	0.0000100	0.0000100	0.0000100	0.0000100	-0.0000100	-0.0000100	-0.0000100	-0.0000100	0.0120660	0.0143982	-0.0017544	-0.0066198	-0.0126194	-0.0149381	0.0012942	0.0061551
237.1500000	-1321.0000000	0.0000100	0.0000100	0.0000100	0.0000100	-0.0000100	-0.0000100	-0.0000100	-0.0000100	0.0121838	0.0147898	0.0062348	0.0012847	-0.0127353	-0.0153206	-0.0066810	-0.0017406
238.7000000	-40.5000000	0.0000100	0.0000100	0.0000100	0.0000100	-0.0000100	-0.0000100	-0.0000100	-0.0000100	0.0120681	0.0145212	0.0023289	-0.0025589	-0.0126074	-0.0150433	-0.0027870	0.0020827
240.2000000	1302.1999512	0.0000100	0.0000100	0.0000100	0.0000100	-0.0000100	-0.0000100	-0.0000100	-0.0000100	0.0124223	0.0148397	-0.0015215	-0.0065601	-0.0129479	-0.0153461	0.0010622	0.0060737
242.0500000	-1321.0000000	0.0000100	0.0000100	0.0000100	0.0000100	-0.0000100	-0.0000100	-0.0000100	-0.0000100	0.0124637	0.0151217	0.0061061	0.0010074	-0.0129896	-0.0156162	-0.0065325	-0.0014641
243.5500000	-40.4099998	0.0000100	0.0000100	0.0000100	0.0000100	-0.0000100	-0.0000100	-0.0000100	-0.0000100	0.0122842	0.0147991	0.0023868	-0.0026285	-0.0127952	-0.0152820	-0.0028306	0.0021390
245.0500000	1302.0999756	0.0000100	0.0000100	0.0000100	0.0000100	-0.0000100	-0.0000100	-0.0000100	-0.0000100	0.0125306	0.0150023	-0.0011816	-0.0063129	-0.0130221	-0.0154714	0.0007072	0.0057726
246.8500000	-1321.0000000	0.0000100	0.0000100	0.0000100	0.0000100	-0.0000100	-0.0000100	-0.0000100	-0.0000100	0.0124471	0.0151061	0.0057464	0.0005954	-0.0129194	-0.0155342	-0.0061340	-0.0010561
248.4000000	-40.3600006	0.0000100	0.0000100	0.0000100	0.0000100	-0.0000100	-0.0000100	-0.0000100	-0.0000100	0.0121417	0.0146469	0.0023721	-0.0026461	-0.0126093	-0.0150734	-0.0028000	0.0021303
249.9000000	1301.0999756	0.0000100	0.0000100	0.0000100	0.0000100	-0.0000100	-0.0000100	-0.0000100	-0.0000100	0.0122136	0.0146695	-0.0006878	-0.0057620	-0.0126562	-0.0150691	0.0002116	0.0051732
251.6500000	-1320.8999023	0.0000100	0.0000100	0.0000100	0.0000100	-0.0000100	-0.0000100	-0.0000100	-0.0000100	0.0119257	0.0144820	0.0050589	0.0000329	-0.0123448	-0.0148250	-0.0053922	-0.0005011
253.2000000	-40.4399986	0.0000100	0.0000100	0.0000100	0.0000100	-0.0000100	-0.0000100	-0.0000100	-0.0000100	0.0114477	0.0138436	0.0022499	-0.0025679	-0.0118633	-0.0141930	-0.0026539	0.0020216
254.7000000	1302.0999756	0.0000100	0.0000100	0.0000100	0.0000100	-0.0000100	-0.0000100	-0.0000100	-0.0000100	0.0112947	0.0136154	-0.0000921	-0.0048629	-0.0116766	-0.0139390	-0.0003696	0.0042295
256.5500000	-1320.8999023	0.0000100	0.0000100	0.0000100	0.0000100	-0.0000100	-0.0000100	-0.0000100	-0.0000100	0.0107720	0.0130879	0.0040364	-0.0005766	-0.0111472	-0.0133637	-0.0043479	0.0000953
258.0000000	-40.4700012	0.0000100	0.0000100	0.0000100	0.0000100	-0.0000100	-0.0000100	-0.0000100	-0.0000100	0.0101441	0.0122906	0.0019891	-0.0023491	-0.0105184	-0.0125869	-0.0023699	0.0017981
259.2500000	1302.0999756	0.0000100	0.0000100	0.0000100	0.0000100	-0.0000100	-0.0000100	-0.0000100	-0.0000100	0.0098694	0.0119441	0.0004111	-0.0038187	-0.0102513	-0.0122622	-0.0008571	0.0031927
260.6000000	-1320.7999268	0.0000100	0.0000100	0.0000100	0.0000100	-0.0000100	-0.0000100	-0.0000100	-0.0000100	0.0093458	0.0113619	0.0030513	-0.0009909	-0.0097352	-0.0116566	-0.0033829	0.0004867
261.8000000	-40.3600006	0.0000100	0.0000100	0.0000100	0.0000100	-0.0000100	-0.0000100	-0.0000100	-0.0000100	0.0087953	0.0106689	0.0016947	-0.0020952	-0.0091607	-0.0109524	-0.0020753	0.0015293
263.0500000	1302.0000000	0.0000100	0.0000100	0.0000100	0.0000100	-0.0000100	-0.0000100	-0.0000100	-0.0000100	0.0084354	0.0102159	0.0006944	-0.0029410	-0.0088008	-0.0105325	-0.0011227	0.0023320
264.6500000	-1320.8999023	0.0000100	0.0000100	0.0000100	0.0000100	-0.0000100	-0.0000100	-0.0000100	-0.0000100	0.0078369	0.0095063	0.0021626	-0.0012302	-0.0081736	-0.0097460	-0.0024950	0.0006992
266.1000000	-40.5699997	0.0000100	0.0000100	0.0000100	0.0000100	-0.0000100	-0.0000100	-0.0000100	-0.0000100	0.0072217	0.0087201	0.0013264	-0.0017671	-0.0075071	-0.0089435	-0.0017097	0.0011823
267.6000000	1302.0000000	0.0000100	0.0000100	0.0000100	0.0000100	-0.0000100	-0.0000100	-0.0000100	-0.0000100	0.0067260	0.0081340	0.0008043	-0.0020797	-0.0070718	-0.0084219	-0.0012305	0.0014584
269.3500000	-1320.5999756	0.0000100	0.0000100	0.0000100	0.0000100	-0.0000100	-0.0000100	-0.0000100	-0.0000100	0.0061045	0.0073770	0.0013348	-0.0012827	-0.0064494	-0.0076482	-0.0017061	0.0007338
270.9000000	-40.3800011	0.0000100	0.0000100	0.0000100	0.0000100	-0.0000100	-0.0000100	-0.0000100	-0.0000100	0.0055452	0.0066948	0.0009440	-0.0014152	-0.0059019	-0.0069889	-0.0013496	0.0008442
272.3500000	1301.8000488	0.0000100	0.0000100	0.0000100	0.0000100	-0.0000100	-0.0000100	-0.0000100	-0.0000100	0.0051433	0.0061969	0.0007450	-0.0014333	-0.0055078	-0.0065222	-0.0011689	0.0008470
274.1500000	-1320.5000000	0.0000100	0.0000100	0.0000100	0.0000100	-0.0000100	-0.0000100	-0.0000100	-0.0000100	0.0046295	0.0055729	0.0007757	-0.0011795	-0.0050093	-0.0059037	-0.0011790	0.0006337
275.6000000	-40.3300018	0.0000100	0.0000100	0.0000100	0.0000100	-0.0000100	-0.0000100	-0.0000100	-0.0000100	0.0041929	0.0050481	0.0006422	-0.0011178	-0.0045738	-0.0053842	-0.0010599	0.0005644
277.2000000	1301.6999512	0.0000100	0.0000100	0.0000100	0.0000100	-0.0000100	-0.0000100	-0.0000100	-0.0000100	0.0038417	0.0046265	0.0006018	-0.0010079	-0.0042492	-0.0049962	-0.0010310	0.0004541
279.0000000	-1320.1999512	0.0000100	0.0000100	0.0000100	0.0000100	-0.0000100	-0.0000100	-0.0000100	-0.0000100	0.0034575	0.0041524	0.0004156	-0.0010271	-0.0038623	-0.0045213	-0.0008402	0.0004906
280.4500000	-40.4700012	0.0000100	0.0000100	0.0000100	0.0000100	-0.0000100	-0.0000100	-0.0000100	-0.0000100	0.0031227	0.0037520	0.0004114	-0.0008876	-0.0035369	-0.0041328	-0.0008351	0.0003602
281.9500000	1301.6999512	0.0000100	0.0000100	0.0000100	0.0000100	-0.0000100	-0.0000100	-0.0000100	-0.0000100	0.0028796	0.0034572	0.0004493	-0.0007409	-0.0032988	-0.0038455	-0.0008776	0.0002171
283.7000000	-1320.4000244	0.0000100	0.0000100	0.0000100	0.0000100	-0.0000100	-0.0000100	-0.0000100	-0.0000100	0.0025797	0.0030935	0.0001977	-0.0008669	-0.0030057	-0.0034937	-0.0006301	0.0003511
285.2000000	-40.4000015	0.0000100	0.0000100	0.0000100	0.0000100	-0.0000100	-0.0000100	-0.0000100	-0.0000100	0.0023371	0.0028018	0.0002451	-0.0007248	-0.0027709	-0.0032121	-0.0006840	0.0002046
286.7000000	1301.5999756	0.0000100	0.0000100	0.0000100	0.0000100	-0.0000100	-0.0000100	-0.0000100	-0.0000100	0.0021502	0.0025837	0.0003124	-0.0005783	-0.0025942	-0.0030051	-0.0007436	0.0000733
288.4500000	-1320.2999268	0.0000100	0.0000100	0.0000100	0.0000100	-0.0000100	-0.0000100	-0.0000100	-0.0000100	0.0019284	0.0023110	0.0000612	-0.0007339	-0.0023747	-0.0027389	-0.0005050	0.0002309
289.9500000	-40.2700005	0.0000100	0.0000100	0.0000100	0.0000100	-0.0000100	-0.0000100	-0.0000100	-0.0000100	0.0017457	0.0020937	0.0001210	-0.0006029	-0.0021999	-0.0025339	-0.0005709	0.0000979
291.4000000	1301.5999756	0.0000100	0.0000100	0.0000100	0.0000100	-0.0000100	-0.0000100	-0.0000100	-0.0000100	0.0016036	0.0019257	0.0001954	-0.0004745	-0.0020638	-0.0023716	-0.0006364	-0.0000224
293.1500000	-1320.2999268	0.0000100	0.0000100	0.0000100	0.0000100	-0.0000100	-0.0000100	-0.0000100	-0.0000100	0.0014378	0.0017244	-0.0000299	-0.0006282	-0.0018999	-0.0021774	-0.0004256	0.0001287
294.6500000	-40.3300018	0.0000100	0.0000100	0.0000100	0.0000100	-0.0000100	-0.0000100	-0.0000100	-0.0000100	0.0012989	0.0015601	0.0000386	-0.0005121	-0.0017700	-0.0020228	-0.0004843	0.0000195
296.1500000	1301.5999756	0.0000100	0.0000100	0.0000100	0.0000100	-0.0000100	-0.0000100	-0.0000100	-0.0000100	0.0011909	0.0014397	0.0001065	-0.0004049	-0.0016658	-0.0019043	-0.0005513	-0.0000820
297.9500000	-1320.1999512	0.0000100	0.0000100	0.0000100	0.0000100	-0.0000100	-0.0000100	-0.0000100	-0.0000100	0.0010726	0.0012891	-0.0000860	-0.0005428	-0.0015453	-0.0017583	-0.0003708	0.0000589
299.4000000	-40.3699989	0.0000100	0.0000100	0.0000100	0.0000100	-0.0000100	-0.0000100	-0.0000100	-0.0000100	0.0009606	0.0011650	-0.0000252	-0.0004419	-0.0014429	-0.0016364	-0.0004255	-0.0000337
300.9000000	1301.5000000	0.0000100	0.0000100	0.0000100	0.0000100	-0.0000100	-0.0000100	-0.0000100	-0.0000100	0.0008849	0.0010683	0.0000344	-0.0003514	-0.0013633	-0.0015498	-0.0004835	-0.0001151
302.7000000	-1320.0999756	0.0000100	0.0000100	0.0000100	0.0000100	-0.0000100	-0.0000100	-0.0000100	-0.0000100	0.0007905	0.0009555	-0.0001195	-0.0004706	-0.0012706	-0.0014385	-0.0003335	0.0000024
304.2000000	-40.3300018	0.0000100	0.0000100	0.0000100	0.0000100	-0.0000100	-0.0000100	-0.0000100	-0.0000100	0.0007103	0.0008634	-0.0000691	-0.0003942	-0.0011952	-0.0013538	-0.0003828	-0.0000768
305.6500000	1301.3999023	0.0000100	0.0000100	0.0000100	0.0000100	-0.0000100	-0.0000100	-0.0000100	-0.0000100	0.0006483	0.0007921	-0.0000212	-0.0003191	-0.0011384	-0.0012834	-0.0004297	-0.0001409
307.4500000	-1320.0000000	0.0000100	0.0000100	0.0000100	0.0000100	-0.0000100	-0.0000100	-0.0000100	-0.0000100	0.0005686	0.0006997	-0.0001514	-0.0004190	-0.0010633	-0.0011983	-0.0003100	-0.0000463
308.9000000	-40.2799988	0.0000100	0.0000100	0.0000100	0.0000100	-0.0000100	-0.0000100	-0.0000100	-0.0000100	0.0005042	0.0006237	-0.0001085	-0.0003578	-0.0010091	-0.0011359	-0.0003564	-0.0001089
310.4000000	1301.3000488	0.0000100	0.0000100	0.0000100	0.0000100	-0.0000100	-0.0000100	-0.0000100	-0.0000100	0.0004560	0.0005699	-0.0000644	-0.0002930	-0.0009618	-0.0010753	-0.0003903	-0.0001588
312.1000000	-1320.0000000	0.0000100	0.0000100	0.0000100	0.0000100	-0.0000100	-0.0000100	-0.0000100	-0.0000100	0.0004022	0.0004955	-0.0001757	-0.0003719	-0.0009053	-0.0010118	-0.0002930	-0.0000771
313.6500000	-40.2400017	0.0000100	0.0000100	0.0000100	0.0000100	-0.0000100	-0.0000100	-0.0000100	-0.0000100	0.0003554	0.0004456	-0.0001352	-0.0003217	-0.0008629	-0.0009615	-0.0003276	-0.0001252
314.7000000	1301.3000488	0.0000100	0.0000100	0.0000100	0.0000100	-0.0000100	-0.0000100	-0.0000100	-0.0000100	0.0003555	0.0004497	-0.0000893	-0.0002914	-0.0008431	-0.0009384	-0.0003638	-0.0001646
316.3500000	-1320.0000000	0.0000100	0.0000100	0.0000100	0.0000100	-0.0000100	-0.0000100	-0.0000100	-0.0000100	0.0002910	0.0003634	-0.0001854	-0.0003457	-0.0007929	-0.0008885	-0.0002857	-0.0001001
317.9000000	-40.2900009	0.0000100	0.0000100	0.0000100	0.0000100	-0.0000100	-0.0000100	-0.0000100	-0.0000100	0.0002462	0.0003140	-0.0001563	-0.0003034	-0.0007567	-0.0008387	-0.0003102	-0.0001412
319.2500000	1301.3000488	0.0000100	0.0000100	0.0000100	0.0000100	-0.0000100	-0.0000100	-0.0000100	-0.0000100	0.0002160	0.0002858	-0.0001220	-0.0002576	-0.0007286	-0.0008080	-0.0003362	-0.0001773
320.8500000	-1319.8000488	0.0000100	0.0000100	0.0000100	0.0000100	-0.0000100	-0.0000100	-0.0000100	-0.0000100	0.0001887	0.0002476	-0.0001964	-0.0003205	-0.0006935	-0.0007720	-0.0002719	-0.0001241
322.0000000	-40.3300018	0.0000100	0.0000100	0.0000100	0.0000100	-0.0000100	-0.0000100	-0.0000100	-0.0000100	0.0001585	0.0002209	-0.0001676	-0.0002885	-0.0006769	-0.0007488	-0.0002988	-0.0001545
323.3500000	1301.2000732	0.0000100	0.0000100	0.0000100	0.0000100	-0.0000100	-0.0000100	-0.0000100	-0.0000100	0.0001368	0.0001902	-0.0001446	-0.0002467	-0.0006644	-0.0007338	-0.0003297	-0.0001770
326.2000000	-1319.9000244	0.0000100	0.0000100	0.0000100	0.0000100	-0.0000100	-0.0000100	-0.0000100	-0.0000100	0.0000861	0.0001140	-0.0002196	-0.0002729	-0.0006230	-0.0006975	-0.0002749	-0.0001186
328.0500000	-40.3400002	0.0000100	0.0000100	0.0000100	0.0000100	-0.0000100	-0.0000100	-0.0000100	-0.0000100	0.0000576	0.0000997	-0.0001893	-0.0002541	-0.0005903	-0.0006500	-0.0002865	-0.0001522
329.6500000	1301.0999756	0.0000100	0.0000100	0.0000100	0.0000100	-0.0000100	-0.0000100	-0.0000100	-0.0000100	0.0000388	0.0000755	-0.0001662	-0.0002260	-0.0005768	-0.0006291	-0.0002985	-0.0001714
331.4500000	-1319.8000488	0.0000100	0.0000100	0.0000100	0.0000100	-0.0000100	-0.0000100	-0.0000100	-0.0000100	0.0000139	0.0000480	-0.0002154	-0.0002621	-0.0005523	-0.0006096	-0.0002605	-0.0001359
332.9500000	-40.2799988	0.0000100	0.0000100	0.0000100	0.0000100	-0.0000100	-0.0000100	-0.0000100	-0.0000100	-0.0000083	0.0000272	-0.0001913	-0.0002378	-0.0005394	-0.0005843	-0.0002715	-0.0001538
334.5000000	1301.2000732	0.0000100	0.0000100	0.0000100	0.0000100	-0.0000100	-0.0000100	-0.0000100	-0.0000100	-0.0000209	0.0000112	-0.0001726	-0.0002117	-0.0005251	-0.0005664	-0.0002847	-0.0001669
336.3500000	-1319.9000244	0.0000100	0.0000100	0.0000100	0.0000100	-0.0000100	-0.0000100	-0.0000100	-0.0000100	-0.0000378	-0.0000135	-0.0002178	-0.0002487	-0.0005032	-0.0005516	-0.0002571	-0.0001415
337.8500000	-40.2299995	0.0000100	0.0000100	0.0000100	0.0000100	-0.0000100	-0.0000100	-0.0000100	-0.0000100	-0.0000497	-0.0000307	-0.0002001	-0.0002289	-0.0004895	-0.0005362	-0.0002704	-0.0001600
339.3500000	1301.0000000	0.0000100	0.0000100	0.0000100	0.0000100	-0.0000100	-0.0000100	-0.0000100	-0.0000100	-0.0000662	-0.0000454	-0.0001900	-0.0002078	-0.0004848	-0.0005254	-0.0002871	-0.0001748
341.1500000	-1319.9000244	0.0000100	0.0000100	0.0000100	0.0000100	-0.0000100	-0.0000100	-0.0000100	-0.0000100	-0.0000764	-0.0000611	-0.0002234	-0.0002323	-0.0004621	-0.0005096	-0.0002533	-0.0001423
342.6000000	-40.2299995	0.0000100	0.0000100	0.0000100	0.0000100	-0.0000100	-0.0000100	-0.0000100	-0.0000100	-0.0000932	-0.0000830	-0.0002105	-0.0002102	-0.0004541	-0.0004962	-0.0002637	-0.0001581
344.1500000	1300.9000244	0.0000100	0.0000100	0.0000100	0.0000100	-0.0000100	-0.0000100	-0.0000100	-0.0000100	-0.0000994	-0.0000865	-0.0001951	-0.0001941	-0.0004480	-0.0004883	-0.0002767	-0.0001696
345.9500000	-1319.5999756	0.0000100	0.0000100	0.0000100	0.0000100	-0.0000100	-0.0000100	-0.0000100	-0.0000100	-0.0001095	-0.0001063	-0.0002262	-0.0002211	-0.0004358	-0.0004726	-0.0002480	-0.0001469
347.5000000	-40.3199997	0.0000100	0.0000100	0.0000100	0.0000100	-0.0000100	-0.0000100	-0.0000100	-0.0000100	-0.0001271	-0.0001156	-0.0002166	-0.0002081	-0.0004308	-0.0004668	-0.0002614	-0.0001580
349.0000000	1300.9000244	0.0000100	0.0000100	0.0000100	0.0000100	-0.0000100	-0.0000100	-0.0000100	-0.0000100	-0.0001324	-0.0001255	-0.0002023	-0.0001921	-0.0004261	-0.0004553	-0.0002692	-0.0001601
