Fri, Apr 04, 2025
3:43:48 PM

Temperature (K)	B-Field (Gauss)	sample I AB	sample I AD	sample I AC	sample I BD	sample I -AB	sample I -AD	sample I -AC	sample I -BD	Voltage DC	Voltage BC	Voltage BD	Voltage AC	Voltage -DC	Voltage -BC	Voltage -BD	Voltage -AC	
96.0700000	-2619.8999023	0.0001000	0.0001000	0.0001000	0.0001000	-0.0001000	-0.0001000	-0.0001000	-0.0001000	0.0225231	0.0279535	0.0585256	0.0504380	-0.0226395	-0.0286701	-0.0595731	-0.0511312
97.2900000	-59.8499985	0.0001000	0.0001000	0.0001000	0.0001000	-0.0001000	-0.0001000	-0.0001000	-0.0001000	0.0169770	0.0197225	0.0040380	-0.0017052	-0.0171155	-0.0203326	-0.0049327	0.0009966
98.6150000	2573.1000977	0.0001000	0.0001000	0.0001000	0.0001000	-0.0001000	-0.0001000	-0.0001000	-0.0001000	0.0239245	0.0265160	-0.0500733	-0.0587255	-0.0240703	-0.0271402	0.0492048	0.0580210
100.1650000	-2603.6999512	0.0001000	0.0001000	0.0001000	0.0001000	-0.0001000	-0.0001000	-0.0001000	-0.0001000	0.0240850	0.0299329	0.0589397	0.0500799	-0.0242293	-0.0306375	-0.0599326	-0.0507659
101.4300000	-40.9300003	0.0001000	0.0001000	0.0001000	0.0001000	-0.0001000	-0.0001000	-0.0001000	-0.0001000	0.0183790	0.0213716	0.0038014	-0.0024455	-0.0185337	-0.0219939	-0.0046933	0.0017535
102.7400000	2568.2001953	0.0001000	0.0001000	0.0001000	0.0001000	-0.0001000	-0.0001000	-0.0001000	-0.0001000	0.0256122	0.0284990	-0.0498854	-0.0591337	-0.0257706	-0.0291331	0.0490275	0.0584499
104.3400000	-2599.6999512	0.0001000	0.0001000	0.0001000	0.0001000	-0.0001000	-0.0001000	-0.0001000	-0.0001000	0.0258529	0.0320339	0.0594350	0.0499494	-0.0260205	-0.0327452	-0.0604160	-0.0506281
105.7350000	-39.0299988	0.0001000	0.0001000	0.0001000	0.0001000	-0.0001000	-0.0001000	-0.0001000	-0.0001000	0.0199695	0.0232482	0.0040422	-0.0027599	-0.0201539	-0.0238946	-0.0049266	0.0020786
107.1300000	2567.5000000	0.0001000	0.0001000	0.0001000	0.0001000	-0.0001000	-0.0001000	-0.0001000	-0.0001000	0.0275008	0.0307246	-0.0498098	-0.0597489	-0.0276884	-0.0313789	0.0489613	0.0590840
108.6700000	-2598.0998535	0.0001000	0.0001000	0.0001000	0.0001000	-0.0001000	-0.0001000	-0.0001000	-0.0001000	0.0277494	0.0343499	0.0601246	0.0498506	-0.0279314	-0.0350614	-0.0610847	-0.0505312
109.9550000	-38.4099998	0.0001000	0.0001000	0.0001000	0.0001000	-0.0001000	-0.0001000	-0.0001000	-0.0001000	0.0216406	0.0252728	0.0043873	-0.0031081	-0.0218375	-0.0259169	-0.0052599	0.0024271
111.2150000	2567.1000977	0.0001000	0.0001000	0.0001000	0.0001000	-0.0001000	-0.0001000	-0.0001000	-0.0001000	0.0293709	0.0329331	-0.0497573	-0.0603873	-0.0295650	-0.0335912	0.0489143	0.0597394
112.7600000	-2597.3999023	0.0001000	0.0001000	0.0001000	0.0001000	-0.0001000	-0.0001000	-0.0001000	-0.0001000	0.0296545	0.0366020	0.0607250	0.0498047	-0.0298627	-0.0373203	-0.0616722	-0.0504804
114.0450000	-37.9799995	0.0001000	0.0001000	0.0001000	0.0001000	-0.0001000	-0.0001000	-0.0001000	-0.0001000	0.0233699	0.0273235	0.0047078	-0.0034263	-0.0235700	-0.0279670	-0.0055672	0.0027495
115.2900000	2567.0000000	0.0001000	0.0001000	0.0001000	0.0001000	-0.0001000	-0.0001000	-0.0001000	-0.0001000	0.0313205	0.0352308	-0.0497246	-0.0610751	-0.0315336	-0.0359118	0.0488924	0.0604429
116.9000000	-2596.6999512	0.0001000	0.0001000	0.0001000	0.0001000	-0.0001000	-0.0001000	-0.0001000	-0.0001000	0.0316610	0.0390200	0.0614506	0.0497603	-0.0318905	-0.0397389	-0.0623862	-0.0504327
118.1750000	-37.6599998	0.0001000	0.0001000	0.0001000	0.0001000	-0.0001000	-0.0001000	-0.0001000	-0.0001000	0.0252121	0.0294650	0.0050062	-0.0037219	-0.0254357	-0.0301388	-0.0058761	0.0030691
119.4600000	2566.6999512	0.0001000	0.0001000	0.0001000	0.0001000	-0.0001000	-0.0001000	-0.0001000	-0.0001000	0.0333849	0.0376680	-0.0497037	-0.0618036	-0.0336182	-0.0383621	0.0488790	0.0612071
120.9950000	-2595.7998047	0.0001000	0.0001000	0.0001000	0.0001000	-0.0001000	-0.0001000	-0.0001000	-0.0001000	0.0337531	0.0414688	0.0621472	0.0497467	-0.0339920	-0.0422246	-0.0631070	-0.0504139
122.2900000	-37.4099998	0.0001000	0.0001000	0.0001000	0.0001000	-0.0001000	-0.0001000	-0.0001000	-0.0001000	0.0271440	0.0317795	0.0053818	-0.0040889	-0.0273855	-0.0324587	-0.0062464	0.0034377
123.5550000	2566.4001465	0.0001000	0.0001000	0.0001000	0.0001000	-0.0001000	-0.0001000	-0.0001000	-0.0001000	0.0355273	0.0401922	-0.0497020	-0.0625962	-0.0357693	-0.0409073	0.0488779	0.0620207
125.1150000	-2595.1999512	0.0001000	0.0001000	0.0001000	0.0001000	-0.0001000	-0.0001000	-0.0001000	-0.0001000	0.0359162	0.0440650	0.0629518	0.0497397	-0.0361826	-0.0448370	-0.0639125	-0.0504008
126.5450000	-37.2700005	0.0001000	0.0001000	0.0001000	0.0001000	-0.0001000	-0.0001000	-0.0001000	-0.0001000	0.0292478	0.0342639	0.0057712	-0.0044610	-0.0295101	-0.0349745	-0.0066378	0.0038329
127.9550000	2566.1999512	0.0001000	0.0001000	0.0001000	0.0001000	-0.0001000	-0.0001000	-0.0001000	-0.0001000	0.0379141	0.0430154	-0.0497167	-0.0635134	-0.0381824	-0.0437566	0.0488928	0.0629538
129.6850000	-2595.1999512	0.0001000	0.0001000	0.0001000	0.0001000	-0.0001000	-0.0001000	-0.0001000	-0.0001000	0.0384372	0.0470682	0.0639041	0.0497514	-0.0387078	-0.0478534	-0.0648728	-0.0504065
130.9500000	-37.1500015	0.0001000	0.0001000	0.0001000	0.0001000	-0.0001000	-0.0001000	-0.0001000	-0.0001000	0.0315582	0.0370071	0.0062093	-0.0048899	-0.0318271	-0.0377326	-0.0070817	0.0042680
132.2050000	2566.0000000	0.0001000	0.0001000	0.0001000	0.0001000	-0.0001000	-0.0001000	-0.0001000	-0.0001000	0.0403285	0.0458616	-0.0497479	-0.0644648	-0.0406065	-0.0466270	0.0489186	0.0639025
133.7850000	-2594.7001953	0.0001000	0.0001000	0.0001000	0.0001000	-0.0001000	-0.0001000	-0.0001000	-0.0001000	0.0407975	0.0499033	0.0648337	0.0497702	-0.0410864	-0.0507039	-0.0658058	-0.0504271
135.1000000	-37.0200005	0.0001000	0.0001000	0.0001000	0.0001000	-0.0001000	-0.0001000	-0.0001000	-0.0001000	0.0338315	0.0397163	0.0066417	-0.0053229	-0.0341279	-0.0404723	-0.0075266	0.0046982
136.3700000	2566.0000000	0.0001000	0.0001000	0.0001000	0.0001000	-0.0001000	-0.0001000	-0.0001000	-0.0001000	0.0427774	0.0487709	-0.0497838	-0.0654544	-0.0430702	-0.0495464	0.0489591	0.0648961
137.9500000	-2594.3000488	0.0001000	0.0001000	0.0001000	0.0001000	-0.0001000	-0.0001000	-0.0001000	-0.0001000	0.0432779	0.0528931	0.0658397	0.0498108	-0.0435820	-0.0536990	-0.0668113	-0.0504628
139.2400000	-36.9599991	0.0001000	0.0001000	0.0001000	0.0001000	-0.0001000	-0.0001000	-0.0001000	-0.0001000	0.0362086	0.0425539	0.0071080	-0.0057711	-0.0365120	-0.0433098	-0.0079902	0.0051518
140.5050000	2565.6999512	0.0001000	0.0001000	0.0001000	0.0001000	-0.0001000	-0.0001000	-0.0001000	-0.0001000	0.0453053	0.0517677	-0.0498413	-0.0664930	-0.0456100	-0.0525560	0.0490178	0.0659429
142.0650000	-2593.6999512	0.0001000	0.0001000	0.0001000	0.0001000	-0.0001000	-0.0001000	-0.0001000	-0.0001000	0.0458349	0.0559734	0.0668966	0.0498678	-0.0461493	-0.0567874	-0.0678649	-0.0505110
143.3450000	-36.8899994	0.0001000	0.0001000	0.0001000	0.0001000	-0.0001000	-0.0001000	-0.0001000	-0.0001000	0.0386936	0.0455200	0.0075950	-0.0062443	-0.0390110	-0.0462943	-0.0084777	0.0056336
144.6300000	2565.3999023	0.0001000	0.0001000	0.0001000	0.0001000	-0.0001000	-0.0001000	-0.0001000	-0.0001000	0.0479233	0.0548805	-0.0499077	-0.0675805	-0.0482353	-0.0556794	0.0490900	0.0670460
146.1700000	-2593.6999512	0.0001000	0.0001000	0.0001000	0.0001000	-0.0001000	-0.0001000	-0.0001000	-0.0001000	0.0484884	0.0591739	0.0680101	0.0499305	-0.0488266	-0.0600081	-0.0689822	-0.0505776
147.4600000	-36.7999992	0.0001000	0.0001000	0.0001000	0.0001000	-0.0001000	-0.0001000	-0.0001000	-0.0001000	0.0412863	0.0486232	0.0081096	-0.0067414	-0.0416289	-0.0494219	-0.0089880	0.0061428
148.7500000	2565.3000488	0.0001000	0.0001000	0.0001000	0.0001000	-0.0001000	-0.0001000	-0.0001000	-0.0001000	0.0506526	0.0581309	-0.0499889	-0.0687373	-0.0509938	-0.0589519	0.0491811	0.0682230
150.4850000	-2593.5000000	0.0001000	0.0001000	0.0001000	0.0001000	-0.0001000	-0.0001000	-0.0001000	-0.0001000	0.0513438	0.0626365	0.0692326	0.0500282	-0.0517174	-0.0634873	-0.0701947	-0.0506616
151.8050000	-36.7299995	0.0001000	0.0001000	0.0001000	0.0001000	-0.0001000	-0.0001000	-0.0001000	-0.0001000	0.0441718	0.0520610	0.0086705	-0.0072862	-0.0445055	-0.0528547	-0.0095432	0.0066972
153.0850000	2565.3000488	0.0001000	0.0001000	0.0001000	0.0001000	-0.0001000	-0.0001000	-0.0001000	-0.0001000	0.0536273	0.0616617	-0.0501005	-0.0699982	-0.0539737	-0.0624811	0.0492935	0.0694883
154.7750000	-2592.7998047	0.0001000	0.0001000	0.0001000	0.0001000	-0.0001000	-0.0001000	-0.0001000	-0.0001000	0.0543640	0.0662511	0.0705030	0.0501247	-0.0547199	-0.0670887	-0.0714612	-0.0507724
156.0800000	-36.7099991	0.0001000	0.0001000	0.0001000	0.0001000	-0.0001000	-0.0001000	-0.0001000	-0.0001000	0.0470912	0.0555510	0.0092409	-0.0078503	-0.0474477	-0.0563556	-0.0101095	0.0072552
157.4950000	2565.0000000	0.0001000	0.0001000	0.0001000	0.0001000	-0.0001000	-0.0001000	-0.0001000	-0.0001000	0.0567305	0.0653471	-0.0502125	-0.0713210	-0.0570912	-0.0661737	0.0494115	0.0708046
159.2000000	-2592.9001465	0.0001000	0.0001000	0.0001000	0.0001000	-0.0001000	-0.0001000	-0.0001000	-0.0001000	0.0574666	0.0699874	0.0718323	0.0502308	-0.0578266	-0.0708171	-0.0727670	-0.0508811
160.5100000	-36.6800003	0.0001000	0.0001000	0.0001000	0.0001000	-0.0001000	-0.0001000	-0.0001000	-0.0001000	0.0501417	0.0592045	0.0098517	-0.0084402	-0.0505115	-0.0599996	-0.0106962	0.0078362
161.8600000	2565.0000000	0.0001000	0.0001000	0.0001000	0.0001000	-0.0001000	-0.0001000	-0.0001000	-0.0001000	0.0598062	0.0690129	-0.0503103	-0.0726373	-0.0601816	-0.0698192	0.0495373	0.0721064
163.4400000	-2592.5000000	0.0001000	0.0001000	0.0001000	0.0001000	-0.0001000	-0.0001000	-0.0001000	-0.0001000	0.0604414	0.0735977	0.0731320	0.0503345	-0.0608429	-0.0744212	-0.0740204	-0.0509839
164.7050000	-36.7000008	0.0001000	0.0001000	0.0001000	0.0001000	-0.0001000	-0.0001000	-0.0001000	-0.0001000	0.0531160	0.0627849	0.0104636	-0.0090113	-0.0535298	-0.0635824	-0.0112639	0.0084183
165.9950000	2564.6999512	0.0001000	0.0001000	0.0001000	0.0001000	-0.0001000	-0.0001000	-0.0001000	-0.0001000	0.0627673	0.0725526	-0.0503871	-0.0739035	-0.0632061	-0.0733866	0.0496678	0.0734014
167.6700000	-2592.1999512	0.0001000	0.0001000	0.0001000	0.0001000	-0.0001000	-0.0001000	-0.0001000	-0.0001000	0.0634877	0.0773107	0.0744802	0.0504588	-0.0639864	-0.0781761	-0.0753090	-0.0510507
169.0950000	-36.6199989	0.0001000	0.0001000	0.0001000	0.0001000	-0.0001000	-0.0001000	-0.0001000	-0.0001000	0.0563110	0.0666397	0.0111301	-0.0096103	-0.0568255	-0.0674806	-0.0118700	0.0090869
170.3650000	2564.6999512	0.0001000	0.0001000	0.0001000	0.0001000	-0.0001000	-0.0001000	-0.0001000	-0.0001000	0.0660276	0.0764729	-0.0504634	-0.0752701	-0.0665812	-0.0773573	0.0498002	0.0748510
171.9350000	-2591.8000488	0.0001000	0.0001000	0.0001000	0.0001000	-0.0001000	-0.0001000	-0.0001000	-0.0001000	0.0667612	0.0812877	0.0759102	0.0505901	-0.0673515	-0.0821990	-0.0767014	-0.0511196
173.3650000	-36.5299988	0.0001000	0.0001000	0.0001000	0.0001000	-0.0001000	-0.0001000	-0.0001000	-0.0001000	0.0596593	0.0706719	0.0118070	-0.0102486	-0.0602510	-0.0715593	-0.0125248	0.0097654
174.6450000	2564.6000977	0.0001000	0.0001000	0.0001000	0.0001000	-0.0001000	-0.0001000	-0.0001000	-0.0001000	0.0694648	0.0805776	-0.0505569	-0.0767177	-0.0700699	-0.0814876	0.0499090	0.0763225
176.2250000	-2591.5998535	0.0001000	0.0001000	0.0001000	0.0001000	-0.0001000	-0.0001000	-0.0001000	-0.0001000	0.0702487	0.0855189	0.0773977	0.0506828	-0.0708952	-0.0864624	-0.0781785	-0.0512092
177.5300000	-36.5499992	0.0001000	0.0001000	0.0001000	0.0001000	-0.0001000	-0.0001000	-0.0001000	-0.0001000	0.0631157	0.0748232	0.0125081	-0.0109166	-0.0637370	-0.0757205	-0.0132018	0.0104506
178.8500000	2564.3000488	0.0001000	0.0001000	0.0001000	0.0001000	-0.0001000	-0.0001000	-0.0001000	-0.0001000	0.0729809	0.0847708	-0.0506277	-0.0781920	-0.0736051	-0.0856893	0.0500013	0.0778050
180.5500000	-2591.5998535	0.0001000	0.0001000	0.0001000	0.0001000	-0.0001000	-0.0001000	-0.0001000	-0.0001000	0.0739239	0.0899476	0.0789388	0.0507608	-0.0745583	-0.0908743	-0.0797009	-0.0512843
181.8450000	-36.5000000	0.0001000	0.0001000	0.0001000	0.0001000	-0.0001000	-0.0001000	-0.0001000	-0.0001000	0.0668065	0.0792456	0.0132443	-0.0116472	-0.0674401	-0.0801542	-0.0139333	0.0111805
183.2800000	2564.1999512	0.0001000	0.0001000	0.0001000	0.0001000	-0.0001000	-0.0001000	-0.0001000	-0.0001000	0.0768305	0.0893567	-0.0506878	-0.0797804	-0.0774544	-0.0902583	0.0500672	0.0793863
184.8450000	-2591.3000488	0.0001000	0.0001000	0.0001000	0.0001000	-0.0001000	-0.0001000	-0.0001000	-0.0001000	0.0776835	0.0944908	0.0805029	0.0508125	-0.0783223	-0.0954095	-0.0812456	-0.0513287
186.2500000	-36.3699989	0.0001000	0.0001000	0.0001000	0.0001000	-0.0001000	-0.0001000	-0.0001000	-0.0001000	0.0707509	0.0839804	0.0140279	-0.0124292	-0.0713890	-0.0848742	-0.0147113	0.0119565
187.5150000	2564.3000488	0.0001000	0.0001000	0.0001000	0.0001000	-0.0001000	-0.0001000	-0.0001000	-0.0001000	0.0806219	0.0939038	-0.0507063	-0.0813443	-0.0812833	-0.0948202	0.0501024	0.0809440
189.1250000	-2591.0000000	0.0001000	0.0001000	0.0001000	0.0001000	-0.0001000	-0.0001000	-0.0001000	-0.0001000	0.0815312	0.0991540	0.0820843	0.0508239	-0.0821995	-0.1000844	-0.0828189	-0.0513443
190.3600000	-36.4300003	0.0001000	0.0001000	0.0001000	0.0001000	-0.0001000	-0.0001000	-0.0001000	-0.0001000	0.0744629	0.0884901	0.0148138	-0.0131867	-0.0752165	-0.0894740	-0.0154843	0.0127209
191.6750000	2563.8000488	0.0001000	0.0001000	0.0001000	0.0001000	-0.0001000	-0.0001000	-0.0001000	-0.0001000	0.0844462	0.0984825	-0.0506961	-0.0828887	-0.0851169	-0.0993972	0.0500984	0.0824898
193.2650000	-2591.2001953	0.0001000	0.0001000	0.0001000	0.0001000	-0.0001000	-0.0001000	-0.0001000	-0.0001000	0.0853863	0.1038321	0.0836526	0.0508055	-0.0860620	-0.1047511	-0.0843661	-0.0513222
194.5400000	-36.4099998	0.0001000	0.0001000	0.0001000	0.0001000	-0.0001000	-0.0001000	-0.0001000	-0.0001000	0.0784674	0.0932668	0.0156211	-0.0139809	-0.0791348	-0.0941737	-0.0162776	0.0135101
195.8450000	2564.0000000	0.0001000	0.0001000	0.0001000	0.0001000	-0.0001000	-0.0001000	-0.0001000	-0.0001000	0.0883604	0.1031824	-0.0506393	-0.0844449	-0.0890374	-0.1040834	0.0500600	0.0840490
197.5350000	-2590.8000488	0.0001000	0.0001000	0.0001000	0.0001000	-0.0001000	-0.0001000	-0.0001000	-0.0001000	0.0894105	0.1087207	0.0852600	0.0507385	-0.0901145	-0.1096716	-0.0859770	-0.0512589
199.0750000	-36.5299988	0.0001000	0.0001000	0.0001000	0.0001000	-0.0001000	-0.0001000	-0.0001000	-0.0001000	0.0828064	0.0985053	0.0165216	-0.0148661	-0.0835005	-0.0994373	-0.0171718	0.0144028
200.5500000	2563.6999512	0.0001000	0.0001000	0.0001000	0.0001000	-0.0001000	-0.0001000	-0.0001000	-0.0001000	0.0928386	0.1085649	-0.0505237	-0.0861964	-0.0935543	-0.1094992	0.0499576	0.0858008
202.3000000	-2590.6000977	0.0001000	0.0001000	0.0001000	0.0001000	-0.0001000	-0.0001000	-0.0001000	-0.0001000	0.0940107	0.1143082	0.0870515	0.0506147	-0.0947259	-0.1152508	-0.0877438	-0.0511348
203.8000000	-36.3600006	0.0001000	0.0001000	0.0001000	0.0001000	-0.0001000	-0.0001000	-0.0001000	-0.0001000	0.0875148	0.1041943	0.0174992	-0.0158379	-0.0882362	-0.1051307	-0.0181291	0.0153679
205.3000000	2563.6000977	0.0001000	0.0001000	0.0001000	0.0001000	-0.0001000	-0.0001000	-0.0001000	-0.0001000	0.0975352	0.1142317	-0.0503383	-0.0879833	-0.0982753	-0.1151517	0.0497896	0.0875623
207.0500000	-2590.3000488	0.0001000	0.0001000	0.0001000	0.0001000	-0.0001000	-0.0001000	-0.0001000	-0.0001000	0.0987372	0.1200738	0.0888490	0.0504110	-0.0994801	-0.1210059	-0.0895135	-0.0509286
208.5000000	-36.3499985	0.0001000	0.0001000	0.0001000	0.0001000	-0.0001000	-0.0001000	-0.0001000	-0.0001000	0.0923514	0.1100485	0.0185223	-0.0168472	-0.0930771	-0.1109549	-0.0191345	0.0163603
210.0000000	2563.5000000	0.0001000	0.0001000	0.0001000	0.0001000	-0.0001000	-0.0001000	-0.0001000	-0.0001000	0.1023230	0.1200225	-0.0500605	-0.0897503	-0.1030837	-0.1209103	0.0495327	0.0892939
211.7500000	-2590.1000977	0.0001000	0.0001000	0.0001000	0.0001000	-0.0001000	-0.0001000	-0.0001000	-0.0001000	0.1035244	0.1259293	0.0906129	0.0501097	-0.1043164	-0.1268702	-0.0912434	-0.0506298
213.2500000	-36.2900009	0.0001000	0.0001000	0.0001000	0.0001000	-0.0001000	-0.0001000	-0.0001000	-0.0001000	0.0972701	0.1160356	0.0195843	-0.0178932	-0.0980426	-0.1169383	-0.0201629	0.0173995
214.7500000	2563.2998047	0.0001000	0.0001000	0.0001000	0.0001000	-0.0001000	-0.0001000	-0.0001000	-0.0001000	0.1071556	0.1259224	-0.0496579	-0.0914683	-0.1079692	-0.1267639	0.0491789	0.0909612
216.4500000	-2590.0000000	0.0001000	0.0001000	0.0001000	0.0001000	-0.0001000	-0.0001000	-0.0001000	-0.0001000	0.1083875	0.1318882	0.0923354	0.0497103	-0.1092192	-0.1327965	-0.0928868	-0.0502077
218.0000000	-36.1899986	0.0001000	0.0001000	0.0001000	0.0001000	-0.0001000	-0.0001000	-0.0001000	-0.0001000	0.1022392	0.1221207	0.0206857	-0.0189539	-0.1030799	-0.1229825	-0.0211886	0.0184580
219.5000000	2563.0000000	0.0001000	0.0001000	0.0001000	0.0001000	-0.0001000	-0.0001000	-0.0001000	-0.0001000	0.1120266	0.1318861	-0.0491106	-0.0930723	-0.1129167	-0.1326677	0.0487130	0.0925269
221.2500000	-2590.0000000	0.0001000	0.0001000	0.0001000	0.0001000	-0.0001000	-0.0001000	-0.0001000	-0.0001000	0.1132459	0.1378717	0.0939472	0.0491917	-0.1141550	-0.1387066	-0.0943564	-0.0496375
222.7500000	-36.2400017	0.0001000	0.0001000	0.0001000	0.0001000	-0.0001000	-0.0001000	-0.0001000	-0.0001000	0.1072283	0.1282287	0.0218055	-0.0200106	-0.1081319	-0.1290211	-0.0221999	0.0195104
224.2500000	2563.0000000	0.0001000	0.0001000	0.0001000	0.0001000	-0.0001000	-0.0001000	-0.0001000	-0.0001000	0.1169257	0.1378966	-0.0483781	-0.0945361	-0.1178787	-0.1386003	0.0480392	0.0938563
226.0500000	-2589.8999023	0.0001000	0.0001000	0.0001000	0.0001000	-0.0001000	-0.0001000	-0.0001000	-0.0001000	0.1182128	0.1439727	0.0953464	0.0483576	-0.1191833	-0.1447622	-0.0956421	-0.0488485
227.6000000	-36.3199997	0.0001000	0.0001000	0.0001000	0.0001000	-0.0001000	-0.0001000	-0.0001000	-0.0001000	0.1124121	0.1345812	0.0229399	-0.0211730	-0.1133336	-0.1352643	-0.0232778	0.0205475
229.1500000	2562.6999512	0.0001000	0.0001000	0.0001000	0.0001000	-0.0001000	-0.0001000	-0.0001000	-0.0001000	0.1220031	0.1441565	-0.0472981	-0.0957522	-0.1229642	-0.1446832	0.0469640	0.0947812
230.9500000	-2589.6999512	0.0001000	0.0001000	0.0001000	0.0001000	-0.0001000	-0.0001000	-0.0001000	-0.0001000	0.1232469	0.1501009	0.0962995	0.0470772	-0.1241605	-0.1506423	-0.0963809	-0.0476246
232.5000000	-35.9700012	0.0001000	0.0001000	0.0001000	0.0001000	-0.0001000	-0.0001000	-0.0001000	-0.0001000	0.1174139	0.1407118	0.0240127	-0.0223304	-0.1182822	-0.1411473	-0.0242477	0.0215252
234.0000000	2562.9001465	0.0001000	0.0001000	0.0001000	0.0001000	-0.0001000	-0.0001000	-0.0001000	-0.0001000	0.1267007	0.1499811	-0.0456517	-0.0962499	-0.1275677	-0.1501847	0.0452855	0.0948249
235.8500000	-2589.4001465	0.0001000	0.0001000	0.0001000	0.0001000	-0.0001000	-0.0001000	-0.0001000	-0.0001000	0.1276556	0.1554819	0.0962925	0.0450465	-0.1285279	-0.1556545	-0.0960100	-0.0456271
237.3000000	-34.8400002	0.0001000	0.0001000	0.0001000	0.0001000	-0.0001000	-0.0001000	-0.0001000	-0.0001000	0.1216970	0.1460124	0.0249194	-0.0234354	-0.1225023	-0.1460977	-0.0249933	0.0223398
238.9000000	2562.5000000	0.0001000	0.0001000	0.0001000	0.0001000	-0.0001000	-0.0001000	-0.0001000	-0.0001000	0.1304648	0.1547899	-0.0429320	-0.0954320	-0.1311960	-0.1545732	0.0424607	0.0932086
240.6500000	-2589.1999512	0.0001000	0.0001000	0.0001000	0.0001000	-0.0001000	-0.0001000	-0.0001000	-0.0001000	0.1308498	0.1591744	0.0944132	0.0418960	-0.1317011	-0.1589512	-0.0935588	-0.0421778
242.1500000	-35.8400002	0.0001000	0.0001000	0.0001000	0.0001000	-0.0001000	-0.0001000	-0.0001000	-0.0001000	0.1245438	0.1494612	0.0255563	-0.0240653	-0.1252260	-0.1493222	-0.0254167	0.0229975
243.6500000	2562.5998535	0.0001000	0.0001000	0.0001000	0.0001000	-0.0001000	-0.0001000	-0.0001000	-0.0001000	0.1323941	0.1575607	-0.0383122	-0.0922415	-0.1327855	-0.1569283	0.0376996	0.0892041
245.4500000	-2589.0000000	0.0001000	0.0001000	0.0001000	0.0001000	-0.0001000	-0.0001000	-0.0001000	-0.0001000	0.1315459	0.1605549	0.0896773	0.0359061	-0.1324070	-0.1591837	-0.0876138	-0.0361235
246.9500000	-35.7200012	0.0001000	0.0001000	0.0001000	0.0001000	-0.0001000	-0.0001000	-0.0001000	-0.0001000	0.1245487	0.1502030	0.0258415	-0.0249771	-0.1250144	-0.1488417	-0.0251007	0.0229632
248.4500000	2562.0998535	0.0001000	0.0001000	0.0001000	0.0001000	-0.0001000	-0.0001000	-0.0001000	-0.0001000	0.1308826	0.1564730	-0.0307994	-0.0852692	-0.1306639	-0.1548886	0.0301101	0.0805017
250.3500000	-2588.8000488	0.0001000	0.0001000	0.0001000	0.0001000	-0.0001000	-0.0001000	-0.0001000	-0.0001000	0.1277695	0.1566635	0.0799749	0.0265982	-0.1287461	-0.1535634	-0.0763890	-0.0267863
251.8500000	-35.8699989	0.0001000	0.0001000	0.0001000	0.0001000	-0.0001000	-0.0001000	-0.0001000	-0.0001000	0.1196922	0.1452281	0.0252271	-0.0250214	-0.1198528	-0.1423589	-0.0236660	0.0219988
253.3500000	2562.1999512	0.0001000	0.0001000	0.0001000	0.0001000	-0.0001000	-0.0001000	-0.0001000	-0.0001000	0.1237383	0.1489015	-0.0197313	-0.0729540	-0.1226200	-0.1460168	0.0191623	0.0660398
255.1000000	-2588.6999512	0.0001000	0.0001000	0.0001000	0.0001000	-0.0001000	-0.0001000	-0.0001000	-0.0001000	0.1179007	0.1456670	0.0652309	0.0144439	-0.1190678	-0.1404606	-0.0600615	-0.0149372
256.5500000	-35.8100014	0.0001000	0.0001000	0.0001000	0.0001000	-0.0001000	-0.0001000	-0.0001000	-0.0001000	0.1089115	0.1332043	0.0234112	-0.0239748	-0.1088657	-0.1289234	-0.0210006	0.0199640
257.9500000	2561.8999023	0.0001000	0.0001000	0.0001000	0.0001000	-0.0001000	-0.0001000	-0.0001000	-0.0001000	0.1107092	0.1341742	-0.0076667	-0.0570045	-0.1089254	-0.1303350	0.0077637	0.0489921
259.7000000	-2588.3999023	0.0001000	0.0001000	0.0001000	0.0001000	-0.0001000	-0.0001000	-0.0001000	-0.0001000	0.1027956	0.1281088	0.0481449	0.0024207	-0.1040852	-0.1213620	-0.0422634	-0.0036935
261.1500000	-35.5800018	0.0001000	0.0001000	0.0001000	0.0001000	-0.0001000	-0.0001000	-0.0001000	-0.0001000	0.0936325	0.1152947	0.0204200	-0.0215209	-0.0932629	-0.1099336	-0.0174405	0.0169281
262.6500000	2561.8999023	0.0001000	0.0001000	0.0001000	0.0001000	-0.0001000	-0.0001000	-0.0001000	-0.0001000	0.0929647	0.1130875	0.0026874	-0.0395444	-0.0908261	-0.1085571	-0.0018310	0.0307037
264.5000000	-2588.3999023	0.0001000	0.0001000	0.0001000	0.0001000	-0.0001000	-0.0001000	-0.0001000	-0.0001000	0.0834723	0.1045835	0.0308852	-0.0069341	-0.0848495	-0.0976415	-0.0257777	0.0044997
266.0000000	-35.5200005	0.0001000	0.0001000	0.0001000	0.0001000	-0.0001000	-0.0001000	-0.0001000	-0.0001000	0.0751909	0.0924960	0.0162900	-0.0175198	-0.0747600	-0.0875126	-0.0135316	0.0133550
267.5000000	2561.5000000	0.0001000	0.0001000	0.0001000	0.0001000	-0.0001000	-0.0001000	-0.0001000	-0.0001000	0.0732755	0.0890129	0.0089904	-0.0242128	-0.0713985	-0.0855136	-0.0076691	0.0182454
269.3000000	-2588.0000000	0.0001000	0.0001000	0.0001000	0.0001000	-0.0001000	-0.0001000	-0.0001000	-0.0001000	0.0650142	0.0811149	0.0180261	-0.0110473	-0.0661113	-0.0757209	-0.0144162	0.0087982
270.8000000	-36.0099983	0.0001000	0.0001000	0.0001000	0.0001000	-0.0001000	-0.0001000	-0.0001000	-0.0001000	0.0581956	0.0713210	0.0123941	-0.0133119	-0.0579707	-0.0678360	-0.0103325	0.0102659
272.2500000	2561.3000488	0.0001000	0.0001000	0.0001000	0.0001000	-0.0001000	-0.0001000	-0.0001000	-0.0001000	0.0561147	0.0675367	0.0107523	-0.0134463	-0.0547107	-0.0653198	-0.0094627	0.0097831
274.0500000	-2588.3999023	0.0001000	0.0001000	0.0001000	0.0001000	-0.0001000	-0.0001000	-0.0001000	-0.0001000	0.0496440	0.0614101	0.0099998	-0.0115129	-0.0503577	-0.0576836	-0.0078882	0.0096946
275.5500000	-34.7500000	0.0001000	0.0001000	0.0001000	0.0001000	-0.0001000	-0.0001000	-0.0001000	-0.0001000	0.0444559	0.0538581	0.0090441	-0.0096393	-0.0442920	-0.0517112	-0.0078199	0.0076752
277.0500000	2561.3999023	0.0001000	0.0001000	0.0001000	0.0001000	-0.0001000	-0.0001000	-0.0001000	-0.0001000	0.0425346	0.0505634	0.0100923	-0.0073545	-0.0416243	-0.0494877	-0.0093403	0.0053027
278.8500000	-2588.0998535	0.0001000	0.0001000	0.0001000	0.0001000	-0.0001000	-0.0001000	-0.0001000	-0.0001000	0.0377180	0.0459811	0.0053329	-0.0101035	-0.0382005	-0.0437870	-0.0043272	0.0087863
280.3000000	-35.1399994	0.0001000	0.0001000	0.0001000	0.0001000	-0.0001000	-0.0001000	-0.0001000	-0.0001000	0.0337891	0.0404567	0.0064783	-0.0068661	-0.0337189	-0.0392344	-0.0058794	0.0056677
281.8000000	2561.1999512	0.0001000	0.0001000	0.0001000	0.0001000	-0.0001000	-0.0001000	-0.0001000	-0.0001000	0.0321696	0.0379440	0.0085255	-0.0039680	-0.0316739	-0.0375185	-0.0081925	0.0027615
283.6000000	-2587.8000488	0.0001000	0.0001000	0.0001000	0.0001000	-0.0001000	-0.0001000	-0.0001000	-0.0001000	0.0286229	0.0344324	0.0027564	-0.0083315	-0.0289948	-0.0333065	-0.0024363	0.0073834
285.0500000	-35.2099991	0.0001000	0.0001000	0.0001000	0.0001000	-0.0001000	-0.0001000	-0.0001000	-0.0001000	0.0258791	0.0306122	0.0046584	-0.0050631	-0.0257350	-0.0299472	-0.0045159	0.0041797
286.6000000	2561.1999512	0.0001000	0.0001000	0.0001000	0.0001000	-0.0001000	-0.0001000	-0.0001000	-0.0001000	0.0244682	0.0286914	0.0068633	-0.0022232	-0.0242297	-0.0285697	-0.0068208	0.0014069
288.4000000	-2588.0000000	0.0001000	0.0001000	0.0001000	0.0001000	-0.0001000	-0.0001000	-0.0001000	-0.0001000	0.0218794	0.0260342	0.0013887	-0.0067087	-0.0221830	-0.0255183	-0.0014264	0.0059611
289.9000000	-35.2500000	0.0001000	0.0001000	0.0001000	0.0001000	-0.0001000	-0.0001000	-0.0001000	-0.0001000	0.0197600	0.0232749	0.0033749	-0.0038057	-0.0198618	-0.0230796	-0.0034509	0.0030634
291.5000000	2560.6999512	0.0001000	0.0001000	0.0001000	0.0001000	-0.0001000	-0.0001000	-0.0001000	-0.0001000	0.0186328	0.0217732	0.0053835	-0.0012901	-0.0186181	-0.0218376	-0.0055182	0.0006674
293.3000000	-2587.3999023	0.0001000	0.0001000	0.0001000	0.0001000	-0.0001000	-0.0001000	-0.0001000	-0.0001000	0.0168007	0.0198284	0.0006378	-0.0053224	-0.0170834	-0.0196330	-0.0008732	0.0047044
294.8000000	-35.0900002	0.0001000	0.0001000	0.0001000	0.0001000	-0.0001000	-0.0001000	-0.0001000	-0.0001000	0.0151918	0.0178188	0.0024632	-0.0028995	-0.0153900	-0.0178421	-0.0027001	0.0023149
296.3000000	2560.6999512	0.0001000	0.0001000	0.0001000	0.0001000	-0.0001000	-0.0001000	-0.0001000	-0.0001000	0.0144042	0.0167998	0.0042178	-0.0008243	-0.0145292	-0.0169788	-0.0044426	0.0002867
298.0500000	-2587.1999512	0.0001000	0.0001000	0.0001000	0.0001000	-0.0001000	-0.0001000	-0.0001000	-0.0001000	0.0130574	0.0153201	0.0002576	-0.0042619	-0.0133452	-0.0153353	-0.0005760	0.0036845
299.5500000	-34.7700005	0.0001000	0.0001000	0.0001000	0.0001000	-0.0001000	-0.0001000	-0.0001000	-0.0001000	0.0118431	0.0138403	0.0018229	-0.0022570	-0.0120878	-0.0139805	-0.0021286	0.0017371
301.1000000	2560.6000977	0.0001000	0.0001000	0.0001000	0.0001000	-0.0001000	-0.0001000	-0.0001000	-0.0001000	0.0112111	0.0130559	0.0032860	-0.0005557	-0.0114305	-0.0133080	-0.0035871	0.0000736
302.9000000	-2587.1999512	0.0001000	0.0001000	0.0001000	0.0001000	-0.0001000	-0.0001000	-0.0001000	-0.0001000	0.0102016	0.0119225	0.0000524	-0.0034176	-0.0105236	-0.0120865	-0.0004216	0.0028982
304.3000000	-36.0299988	0.0001000	0.0001000	0.0001000	0.0001000	-0.0001000	-0.0001000	-0.0001000	-0.0001000	0.0093098	0.0108185	0.0013435	-0.0017816	-0.0095617	-0.0110287	-0.0017020	0.0012989
305.9000000	2560.5000000	0.0001000	0.0001000	0.0001000	0.0001000	-0.0001000	-0.0001000	-0.0001000	-0.0001000	0.0087799	0.0102111	0.0025517	-0.0004060	-0.0090691	-0.0105116	-0.0028861	-0.0000364
307.7000000	-2587.1000977	0.0001000	0.0001000	0.0001000	0.0001000	-0.0001000	-0.0001000	-0.0001000	-0.0001000	0.0080159	0.0093379	-0.0000627	-0.0027432	-0.0083629	-0.0095986	-0.0003283	0.0022664
309.2000000	-35.9099998	0.0001000	0.0001000	0.0001000	0.0001000	-0.0001000	-0.0001000	-0.0001000	-0.0001000	0.0073043	0.0085007	0.0009984	-0.0014340	-0.0076527	-0.0088050	-0.0013725	0.0009751
310.7000000	2560.3000488	0.0001000	0.0001000	0.0001000	0.0001000	-0.0001000	-0.0001000	-0.0001000	-0.0001000	0.0069278	0.0080553	0.0019884	-0.0003138	-0.0072674	-0.0083976	-0.0023416	-0.0000940
312.5500000	-2587.1999512	0.0001000	0.0001000	0.0001000	0.0001000	-0.0001000	-0.0001000	-0.0001000	-0.0001000	0.0063391	0.0073683	-0.0001275	-0.0022195	-0.0067143	-0.0076939	-0.0002834	0.0017681
314.0500000	-35.9500008	0.0001000	0.0001000	0.0001000	0.0001000	-0.0001000	-0.0001000	-0.0001000	-0.0001000	0.0057879	0.0067233	0.0007429	-0.0011661	-0.0061665	-0.0070810	-0.0011297	0.0007418
315.6000000	2560.1999512	0.0001000	0.0001000	0.0001000	0.0001000	-0.0001000	-0.0001000	-0.0001000	-0.0001000	0.0054770	0.0063608	0.0015359	-0.0002659	-0.0058642	-0.0067531	-0.0019138	-0.0001321
317.5500000	-2586.8000488	0.0001000	0.0001000	0.0001000	0.0001000	-0.0001000	-0.0001000	-0.0001000	-0.0001000	0.0049943	0.0057956	-0.0001720	-0.0017984	-0.0054015	-0.0061791	-0.0002580	0.0013703
319.0500000	-35.9599991	0.0001000	0.0001000	0.0001000	0.0001000	-0.0001000	-0.0001000	-0.0001000	-0.0001000	0.0045741	0.0053081	0.0005371	-0.0009529	-0.0049757	-0.0057002	-0.0009372	0.0005520
320.5500000	2560.1999512	0.0001000	0.0001000	0.0001000	0.0001000	-0.0001000	-0.0001000	-0.0001000	-0.0001000	0.0043320	0.0050349	0.0011782	-0.0002306	-0.0047497	-0.0054489	-0.0015653	-0.0001462
322.5000000	-2586.4001465	0.0001000	0.0001000	0.0001000	0.0001000	-0.0001000	-0.0001000	-0.0001000	-0.0001000	0.0039637	0.0045963	-0.0001859	-0.0014703	-0.0043886	-0.0050138	-0.0002373	0.0010616
324.0500000	-35.9000015	0.0001000	0.0001000	0.0001000	0.0001000	-0.0001000	-0.0001000	-0.0001000	-0.0001000	0.0036334	0.0042173	0.0003834	-0.0007915	-0.0040611	-0.0046437	-0.0007938	0.0004062
325.5500000	2560.1000977	0.0001000	0.0001000	0.0001000	0.0001000	-0.0001000	-0.0001000	-0.0001000	-0.0001000	0.0034362	0.0039963	0.0009013	-0.0002100	-0.0038780	-0.0044380	-0.0013006	-0.0001556
327.5000000	-2586.6999512	0.0001000	0.0001000	0.0001000	0.0001000	-0.0001000	-0.0001000	-0.0001000	-0.0001000	0.0031488	0.0036476	-0.0002035	-0.0012114	-0.0035951	-0.0040995	-0.0002366	0.0008243
329.0000000	-36.0000000	0.0001000	0.0001000	0.0001000	0.0001000	-0.0001000	-0.0001000	-0.0001000	-0.0001000	0.0028981	0.0033672	0.0002681	-0.0006671	-0.0033481	-0.0038184	-0.0006778	0.0003003
330.5000000	2559.7998047	0.0001000	0.0001000	0.0001000	0.0001000	-0.0001000	-0.0001000	-0.0001000	-0.0001000	0.0027474	0.0031955	0.0006842	-0.0002002	-0.0032067	-0.0036610	-0.0010911	-0.0001573
332.3500000	-2586.1999512	0.0001000	0.0001000	0.0001000	0.0001000	-0.0001000	-0.0001000	-0.0001000	-0.0001000	0.0025385	0.0029337	-0.0002117	-0.0010213	-0.0029938	-0.0034109	-0.0002335	0.0006393
333.8500000	-35.9099998	0.0001000	0.0001000	0.0001000	0.0001000	-0.0001000	-0.0001000	-0.0001000	-0.0001000	0.0023375	0.0027061	0.0001704	-0.0005802	-0.0027921	-0.0031831	-0.0005966	0.0002080
335.4000000	2559.6999512	0.0001000	0.0001000	0.0001000	0.0001000	-0.0001000	-0.0001000	-0.0001000	-0.0001000	0.0022063	0.0025680	0.0005174	-0.0001949	-0.0026760	-0.0030467	-0.0009310	-0.0001614
