Temperature (K)	B-Field (Gauss)	sample I AB	sample I AD	sample I AC	sample I BD	sample I -AB	sample I -AD	sample I -AC	sample I -BD	Voltage DC	Voltage BC	Voltage BD	Voltage AC	Voltage -DC	Voltage -BC	Voltage -BD	Voltage -AC	
96.1100000	56.8400002	0.0000100	0.0000100	0.0000100	0.0000100	-0.0000100	-0.0000100	-0.0000100	-0.0000100	0.0016965	0.0017240	-0.0003262	-0.0007369	-0.0017143	-0.0022668	-0.0006443	0.0001110
97.3650000	56.8499985	0.0000100	0.0000100	0.0000100	0.0000100	-0.0000100	-0.0000100	-0.0000100	-0.0000100	0.0017408	0.0017721	-0.0003198	-0.0007439	-0.0017560	-0.0023160	-0.0006527	0.0001191
98.6150000	56.8400002	0.0000100	0.0000100	0.0000100	0.0000100	-0.0000100	-0.0000100	-0.0000100	-0.0000100	0.0017830	0.0018283	-0.0003103	-0.0007510	-0.0018013	-0.0023735	-0.0006614	0.0001295
100.2750000	56.8400002	0.0000100	0.0000100	0.0000100	0.0000100	-0.0000100	-0.0000100	-0.0000100	-0.0000100	0.0018369	0.0018885	-0.0002965	-0.0007585	-0.0018615	-0.0024396	-0.0006639	0.0001471
101.6800000	56.8400002	0.0000100	0.0000100	0.0000100	0.0000100	-0.0000100	-0.0000100	-0.0000100	-0.0000100	0.0018841	0.0019476	-0.0002871	-0.0007726	-0.0019143	-0.0025005	-0.0006752	0.0001511
102.9300000	56.8400002	0.0000100	0.0000100	0.0000100	0.0000100	-0.0000100	-0.0000100	-0.0000100	-0.0000100	0.0019333	0.0020065	-0.0002781	-0.0007781	-0.0019593	-0.0025541	-0.0006833	0.0001657
104.6150000	56.8400002	0.0000100	0.0000100	0.0000100	0.0000100	-0.0000100	-0.0000100	-0.0000100	-0.0000100	0.0019915	0.0020828	-0.0002649	-0.0007830	-0.0020247	-0.0026248	-0.0006898	0.0001798
105.9950000	56.8400002	0.0000100	0.0000100	0.0000100	0.0000100	-0.0000100	-0.0000100	-0.0000100	-0.0000100	0.0020402	0.0021409	-0.0002523	-0.0007926	-0.0020756	-0.0026884	-0.0006961	0.0001920
107.3900000	56.8300018	0.0000100	0.0000100	0.0000100	0.0000100	-0.0000100	-0.0000100	-0.0000100	-0.0000100	0.0020976	0.0022106	-0.0002402	-0.0008033	-0.0021354	-0.0027509	-0.0007047	0.0002041
108.9650000	56.8300018	0.0000100	0.0000100	0.0000100	0.0000100	-0.0000100	-0.0000100	-0.0000100	-0.0000100	0.0021585	0.0022870	-0.0002274	-0.0008125	-0.0021986	-0.0028262	-0.0007118	0.0002201
110.2200000	56.8400002	0.0000100	0.0000100	0.0000100	0.0000100	-0.0000100	-0.0000100	-0.0000100	-0.0000100	0.0022082	0.0023458	-0.0002164	-0.0008262	-0.0022501	-0.0028861	-0.0007208	0.0002281
111.4750000	56.8300018	0.0000100	0.0000100	0.0000100	0.0000100	-0.0000100	-0.0000100	-0.0000100	-0.0000100	0.0022653	0.0024083	-0.0002103	-0.0008360	-0.0023029	-0.0029528	-0.0007286	0.0002375
113.1050000	56.8300018	0.0000100	0.0000100	0.0000100	0.0000100	-0.0000100	-0.0000100	-0.0000100	-0.0000100	0.0023240	0.0024888	-0.0001929	-0.0008443	-0.0023747	-0.0030300	-0.0007394	0.0002514
114.3550000	56.8300018	0.0000100	0.0000100	0.0000100	0.0000100	-0.0000100	-0.0000100	-0.0000100	-0.0000100	0.0023826	0.0025539	-0.0001826	-0.0008573	-0.0024310	-0.0030933	-0.0007481	0.0002594
115.6250000	56.8300018	0.0000100	0.0000100	0.0000100	0.0000100	-0.0000100	-0.0000100	-0.0000100	-0.0000100	0.0024334	0.0026185	-0.0001731	-0.0008646	-0.0024841	-0.0031597	-0.0007529	0.0002739
117.1850000	56.8199997	0.0000100	0.0000100	0.0000100	0.0000100	-0.0000100	-0.0000100	-0.0000100	-0.0000100	0.0025035	0.0027039	-0.0001557	-0.0008825	-0.0025551	-0.0032421	-0.0007680	0.0002848
118.4750000	56.8300018	0.0000100	0.0000100	0.0000100	0.0000100	-0.0000100	-0.0000100	-0.0000100	-0.0000100	0.0025607	0.0027735	-0.0001451	-0.0008878	-0.0026171	-0.0033098	-0.0007766	0.0002942
119.7200000	56.8300018	0.0000100	0.0000100	0.0000100	0.0000100	-0.0000100	-0.0000100	-0.0000100	-0.0000100	0.0026156	0.0028414	-0.0001392	-0.0009025	-0.0026785	-0.0033832	-0.0007875	0.0003089
121.3150000	56.8300018	0.0000100	0.0000100	0.0000100	0.0000100	-0.0000100	-0.0000100	-0.0000100	-0.0000100	0.0026922	0.0029306	-0.0001206	-0.0009169	-0.0027533	-0.0034699	-0.0007969	0.0003197
122.7100000	56.8300018	0.0000100	0.0000100	0.0000100	0.0000100	-0.0000100	-0.0000100	-0.0000100	-0.0000100	0.0027573	0.0030116	-0.0001047	-0.0009259	-0.0028202	-0.0035428	-0.0008051	0.0003401
123.9850000	56.8300018	0.0000100	0.0000100	0.0000100	0.0000100	-0.0000100	-0.0000100	-0.0000100	-0.0000100	0.0028170	0.0030812	-0.0000936	-0.0009375	-0.0028828	-0.0036235	-0.0008209	0.0003540
125.5500000	56.8300018	0.0000100	0.0000100	0.0000100	0.0000100	-0.0000100	-0.0000100	-0.0000100	-0.0000100	0.0028889	0.0031779	-0.0000767	-0.0009534	-0.0029647	-0.0037162	-0.0008319	0.0003650
126.8200000	56.8300018	0.0000100	0.0000100	0.0000100	0.0000100	-0.0000100	-0.0000100	-0.0000100	-0.0000100	0.0029587	0.0032524	-0.0000655	-0.0009651	-0.0030291	-0.0037946	-0.0008456	0.0003788
128.0900000	56.8300018	0.0000100	0.0000100	0.0000100	0.0000100	-0.0000100	-0.0000100	-0.0000100	-0.0000100	0.0030188	0.0033273	-0.0000553	-0.0009809	-0.0030993	-0.0038747	-0.0008557	0.0003873
129.6900000	56.8320007	0.0000100	0.0000100	0.0000100	0.0000100	-0.0000100	-0.0000100	-0.0000100	-0.0000100	0.0030985	0.0034261	-0.0000374	-0.0009960	-0.0031827	-0.0039690	-0.0008636	0.0004090
131.0900000	56.8300018	0.0000100	0.0000100	0.0000100	0.0000100	-0.0000100	-0.0000100	-0.0000100	-0.0000100	0.0031746	0.0035134	-0.0000209	-0.0010078	-0.0032590	-0.0040574	-0.0008814	0.0004219
132.3450000	56.8300018	0.0000100	0.0000100	0.0000100	0.0000100	-0.0000100	-0.0000100	-0.0000100	-0.0000100	0.0032409	0.0035963	-0.0000088	-0.0010223	-0.0033311	-0.0041409	-0.0008922	0.0004347
133.9300000	56.8199997	0.0000100	0.0000100	0.0000100	0.0000100	-0.0000100	-0.0000100	-0.0000100	-0.0000100	0.0033250	0.0036993	0.0000084	-0.0010362	-0.0034165	-0.0042425	-0.0009049	0.0004503
135.2150000	56.8199997	0.0000100	0.0000100	0.0000100	0.0000100	-0.0000100	-0.0000100	-0.0000100	-0.0000100	0.0033938	0.0037820	0.0000215	-0.0010506	-0.0034868	-0.0043287	-0.0009177	0.0004651
136.6350000	56.8199997	0.0000100	0.0000100	0.0000100	0.0000100	-0.0000100	-0.0000100	-0.0000100	-0.0000100	0.0034714	0.0038778	0.0000409	-0.0010655	-0.0035701	-0.0044265	-0.0009342	0.0004807
138.2200000	56.8300018	0.0000100	0.0000100	0.0000100	0.0000100	-0.0000100	-0.0000100	-0.0000100	-0.0000100	0.0035600	0.0039821	0.0000569	-0.0010836	-0.0036628	-0.0045306	-0.0009451	0.0005010
139.6050000	56.8300018	0.0000100	0.0000100	0.0000100	0.0000100	-0.0000100	-0.0000100	-0.0000100	-0.0000100	0.0036398	0.0040781	0.0000708	-0.0010986	-0.0037460	-0.0046291	-0.0009623	0.0005163
140.8900000	56.8300018	0.0000100	0.0000100	0.0000100	0.0000100	-0.0000100	-0.0000100	-0.0000100	-0.0000100	0.0037127	0.0041683	0.0000859	-0.0011145	-0.0038260	-0.0047249	-0.0009793	0.0005342
142.4600000	56.8300018	0.0000100	0.0000100	0.0000100	0.0000100	-0.0000100	-0.0000100	-0.0000100	-0.0000100	0.0038079	0.0042803	0.0001051	-0.0011284	-0.0039182	-0.0048351	-0.0009949	0.0005515
143.7450000	56.8199997	0.0000100	0.0000100	0.0000100	0.0000100	-0.0000100	-0.0000100	-0.0000100	-0.0000100	0.0038823	0.0043707	0.0001190	-0.0011459	-0.0039987	-0.0049262	-0.0010069	0.0005667
145.0150000	56.8300018	0.0000100	0.0000100	0.0000100	0.0000100	-0.0000100	-0.0000100	-0.0000100	-0.0000100	0.0039623	0.0044668	0.0001370	-0.0011586	-0.0040773	-0.0050245	-0.0010198	0.0005861
146.6400000	56.8199997	0.0000100	0.0000100	0.0000100	0.0000100	-0.0000100	-0.0000100	-0.0000100	-0.0000100	0.0040633	0.0045886	0.0001561	-0.0011765	-0.0041788	-0.0051435	-0.0010384	0.0006087
148.0650000	56.8199997	0.0000100	0.0000100	0.0000100	0.0000100	-0.0000100	-0.0000100	-0.0000100	-0.0000100	0.0041462	0.0046931	0.0001735	-0.0011923	-0.0042758	-0.0052535	-0.0010543	0.0006292
149.4250000	56.8199997	0.0000100	0.0000100	0.0000100	0.0000100	-0.0000100	-0.0000100	-0.0000100	-0.0000100	0.0042387	0.0048016	0.0001885	-0.0012097	-0.0043676	-0.0053619	-0.0010698	0.0006507
151.0100000	56.8199997	0.0000100	0.0000100	0.0000100	0.0000100	-0.0000100	-0.0000100	-0.0000100	-0.0000100	0.0043464	0.0049309	0.0002145	-0.0012284	-0.0044711	-0.0054899	-0.0010918	0.0006715
152.3350000	56.8199997	0.0000100	0.0000100	0.0000100	0.0000100	-0.0000100	-0.0000100	-0.0000100	-0.0000100	0.0044311	0.0050328	0.0002342	-0.0012445	-0.0045617	-0.0055934	-0.0010998	0.0006919
153.7650000	56.8199997	0.0000100	0.0000100	0.0000100	0.0000100	-0.0000100	-0.0000100	-0.0000100	-0.0000100	0.0045286	0.0051509	0.0002529	-0.0012663	-0.0046647	-0.0057103	-0.0011174	0.0007090
155.3200000	56.8199997	0.0000100	0.0000100	0.0000100	0.0000100	-0.0000100	-0.0000100	-0.0000100	-0.0000100	0.0046359	0.0052855	0.0002747	-0.0012862	-0.0047712	-0.0058387	-0.0011382	0.0007311
156.5750000	56.8199997	0.0000100	0.0000100	0.0000100	0.0000100	-0.0000100	-0.0000100	-0.0000100	-0.0000100	0.0047243	0.0053885	0.0002935	-0.0013020	-0.0048627	-0.0059466	-0.0011580	0.0007446
157.8900000	56.8199997	0.0000100	0.0000100	0.0000100	0.0000100	-0.0000100	-0.0000100	-0.0000100	-0.0000100	0.0048091	0.0054959	0.0003151	-0.0013210	-0.0049509	-0.0060453	-0.0011627	0.0007641
159.6250000	56.8199997	0.0000100	0.0000100	0.0000100	0.0000100	-0.0000100	-0.0000100	-0.0000100	-0.0000100	0.0049224	0.0056373	0.0003414	-0.0013502	-0.0050759	-0.0061877	-0.0011827	0.0007800
161.0250000	56.8199997	0.0000100	0.0000100	0.0000100	0.0000100	-0.0000100	-0.0000100	-0.0000100	-0.0000100	0.0050136	0.0057550	0.0003692	-0.0013695	-0.0051774	-0.0063009	-0.0011940	0.0007961
162.3350000	56.8199997	0.0000100	0.0000100	0.0000100	0.0000100	-0.0000100	-0.0000100	-0.0000100	-0.0000100	0.0050942	0.0058545	0.0003918	-0.0013965	-0.0052690	-0.0064051	-0.0012015	0.0008088
164.0250000	56.8100014	0.0000100	0.0000100	0.0000100	0.0000100	-0.0000100	-0.0000100	-0.0000100	-0.0000100	0.0052042	0.0059994	0.0004217	-0.0014280	-0.0053978	-0.0065428	-0.0012142	0.0008218
165.2900000	56.8100014	0.0000100	0.0000100	0.0000100	0.0000100	-0.0000100	-0.0000100	-0.0000100	-0.0000100	0.0052884	0.0061086	0.0004491	-0.0014401	-0.0054879	-0.0066447	-0.0012271	0.0008405
166.5700000	56.8100014	0.0000100	0.0000100	0.0000100	0.0000100	-0.0000100	-0.0000100	-0.0000100	-0.0000100	0.0053679	0.0062145	0.0004760	-0.0014599	-0.0055896	-0.0067538	-0.0012254	0.0008663
168.3150000	56.8100014	0.0000100	0.0000100	0.0000100	0.0000100	-0.0000100	-0.0000100	-0.0000100	-0.0000100	0.0054773	0.0063643	0.0005169	-0.0014705	-0.0057370	-0.0069105	-0.0012391	0.0008997
169.7250000	56.8100014	0.0000100	0.0000100	0.0000100	0.0000100	-0.0000100	-0.0000100	-0.0000100	-0.0000100	0.0055721	0.0064894	0.0005460	-0.0014820	-0.0058530	-0.0070409	-0.0012532	0.0009281
112.8200000	56.8100014	0.0000100	0.0000100	0.0000100	0.0000100	-0.0000100	-0.0000100	-0.0000100	-0.0000100	0.0056537	0.0066011	0.0005729	-0.0014927	-0.0059653	-0.0071618	-0.0012588	0.0009593
172.6700000	56.8100014	0.0000100	0.0000100	0.0000100	0.0000100	-0.0000100	-0.0000100	-0.0000100	-0.0000100	0.0057770	0.0067534	0.0006036	-0.0015133	-0.0061048	-0.0073260	-0.0012836	0.0009874
173.9800000	56.8100014	0.0000100	0.0000100	0.0000100	0.0000100	-0.0000100	-0.0000100	-0.0000100	-0.0000100	0.0058786	0.0068756	0.0006261	-0.0015323	-0.0062130	-0.0074512	-0.0013027	0.0010131
175.3750000	56.8100014	0.0000100	0.0000100	0.0000100	0.0000100	-0.0000100	-0.0000100	-0.0000100	-0.0000100	0.0059922	0.0070205	0.0006530	-0.0015546	-0.0063308	-0.0075903	-0.0013211	0.0010394
176.9400000	56.8100014	0.0000100	0.0000100	0.0000100	0.0000100	-0.0000100	-0.0000100	-0.0000100	-0.0000100	0.0061222	0.0071790	0.0006858	-0.0015767	-0.0064633	-0.0077446	-0.0013455	0.0010660
178.2600000	56.7999992	0.0000100	0.0000100	0.0000100	0.0000100	-0.0000100	-0.0000100	-0.0000100	-0.0000100	0.0062295	0.0073090	0.0007071	-0.0016074	-0.0065793	-0.0078804	-0.0013682	0.0010864
179.5750000	56.8100014	0.0000100	0.0000100	0.0000100	0.0000100	-0.0000100	-0.0000100	-0.0000100	-0.0000100	0.0063401	0.0074423	0.0007318	-0.0016248	-0.0066832	-0.0080069	-0.0013811	0.0011089
181.2850000	56.7999992	0.0000100	0.0000100	0.0000100	0.0000100	-0.0000100	-0.0000100	-0.0000100	-0.0000100	0.0064849	0.0076220	0.0007613	-0.0016568	-0.0068415	-0.0081904	-0.0014155	0.0011360
182.5700000	56.8100014	0.0000100	0.0000100	0.0000100	0.0000100	-0.0000100	-0.0000100	-0.0000100	-0.0000100	0.0065955	0.0077543	0.0007834	-0.0016823	-0.0069513	-0.0083240	-0.0014368	0.0011565
183.8650000	56.8100014	0.0000100	0.0000100	0.0000100	0.0000100	-0.0000100	-0.0000100	-0.0000100	-0.0000100	0.0067086	0.0078909	0.0008081	-0.0017031	-0.0070639	-0.0084541	-0.0014498	0.0011828
185.5600000	56.7999992	0.0000100	0.0000100	0.0000100	0.0000100	-0.0000100	-0.0000100	-0.0000100	-0.0000100	0.0068622	0.0080784	0.0008454	-0.0017298	-0.0072200	-0.0086433	-0.0014843	0.0012150
186.8550000	56.7999992	0.0000100	0.0000100	0.0000100	0.0000100	-0.0000100	-0.0000100	-0.0000100	-0.0000100	0.0069742	0.0082168	0.0008633	-0.0017548	-0.0073341	-0.0087783	-0.0015021	0.0012359
188.2700000	56.7999992	0.0000100	0.0000100	0.0000100	0.0000100	-0.0000100	-0.0000100	-0.0000100	-0.0000100	0.0071079	0.0083752	0.0008891	-0.0017855	-0.0074673	-0.0089359	-0.0015263	0.0012672
189.9550000	56.7999992	0.0000100	0.0000100	0.0000100	0.0000100	-0.0000100	-0.0000100	-0.0000100	-0.0000100	0.0072582	0.0085573	0.0009193	-0.0018130	-0.0076184	-0.0091193	-0.0015576	0.0013002
191.2400000	56.7999992	0.0000100	0.0000100	0.0000100	0.0000100	-0.0000100	-0.0000100	-0.0000100	-0.0000100	0.0073799	0.0087045	0.0009508	-0.0018356	-0.0077458	-0.0092654	-0.0015817	0.0013258
192.5500000	56.7999992	0.0000100	0.0000100	0.0000100	0.0000100	-0.0000100	-0.0000100	-0.0000100	-0.0000100	0.0074972	0.0088514	0.0009717	-0.0018636	-0.0078665	-0.0094116	-0.0016056	0.0013506
194.1400000	56.7999992	0.0000100	0.0000100	0.0000100	0.0000100	-0.0000100	-0.0000100	-0.0000100	-0.0000100	0.0076497	0.0090353	0.0010037	-0.0018955	-0.0080253	-0.0095968	-0.0016370	0.0013822
195.4650000	56.7999992	0.0000100	0.0000100	0.0000100	0.0000100	-0.0000100	-0.0000100	-0.0000100	-0.0000100	0.0077794	0.0091923	0.0010355	-0.0019192	-0.0081502	-0.0097529	-0.0016631	0.0014073
196.7950000	56.7999992	0.0000100	0.0000100	0.0000100	0.0000100	-0.0000100	-0.0000100	-0.0000100	-0.0000100	0.0078973	0.0093409	0.0010609	-0.0019492	-0.0082767	-0.0099050	-0.0016836	0.0014366
198.5800000	56.7999992	0.0000100	0.0000100	0.0000100	0.0000100	-0.0000100	-0.0000100	-0.0000100	-0.0000100	0.0080712	0.0095509	0.0010997	-0.0019833	-0.0084541	-0.0101067	-0.0017108	0.0014744
200.1600000	56.7999992	0.0000100	0.0000100	0.0000100	0.0000100	-0.0000100	-0.0000100	-0.0000100	-0.0000100	0.0082293	0.0097397	0.0011347	-0.0020121	-0.0086044	-0.0102925	-0.0017426	0.0015099
201.6000000	56.7999992	0.0000100	0.0000100	0.0000100	0.0000100	-0.0000100	-0.0000100	-0.0000100	-0.0000100	0.0083739	0.0099176	0.0011640	-0.0020476	-0.0087591	-0.0104751	-0.0017756	0.0015393
203.4000000	56.7999992	0.0000100	0.0000100	0.0000100	0.0000100	-0.0000100	-0.0000100	-0.0000100	-0.0000100	0.0085534	0.0101370	0.0012057	-0.0020840	-0.0089326	-0.0106879	-0.0018069	0.0015763
204.9000000	56.7999992	0.0000100	0.0000100	0.0000100	0.0000100	-0.0000100	-0.0000100	-0.0000100	-0.0000100	0.0086973	0.0103178	0.0012377	-0.0021139	-0.0090846	-0.0108703	-0.0018396	0.0016123
206.3500000	56.7999992	0.0000100	0.0000100	0.0000100	0.0000100	-0.0000100	-0.0000100	-0.0000100	-0.0000100	0.0088465	0.0105009	0.0012711	-0.0021501	-0.0092408	-0.0110559	-0.0018682	0.0016432
208.1500000	56.7900009	0.0000100	0.0000100	0.0000100	0.0000100	-0.0000100	-0.0000100	-0.0000100	-0.0000100	0.0090318	0.0107272	0.0013175	-0.0021852	-0.0094279	-0.0112800	-0.0019121	0.0016829
209.6000000	56.7900009	0.0000100	0.0000100	0.0000100	0.0000100	-0.0000100	-0.0000100	-0.0000100	-0.0000100	0.0091857	0.0109160	0.0013491	-0.0022162	-0.0095767	-0.0114673	-0.0019394	0.0017178
211.1000000	56.7900009	0.0000100	0.0000100	0.0000100	0.0000100	-0.0000100	-0.0000100	-0.0000100	-0.0000100	0.0093423	0.0111074	0.0013891	-0.0022465	-0.0097329	-0.0116515	-0.0019711	0.0017546
212.8500000	56.7900009	0.0000100	0.0000100	0.0000100	0.0000100	-0.0000100	-0.0000100	-0.0000100	-0.0000100	0.0095215	0.0113287	0.0014298	-0.0022929	-0.0099261	-0.0118786	-0.0020075	0.0017973
214.3500000	56.7900009	0.0000100	0.0000100	0.0000100	0.0000100	-0.0000100	-0.0000100	-0.0000100	-0.0000100	0.0096766	0.0115237	0.0014725	-0.0023233	-0.0100862	-0.0120714	-0.0020340	0.0018347
215.8000000	56.7900009	0.0000100	0.0000100	0.0000100	0.0000100	-0.0000100	-0.0000100	-0.0000100	-0.0000100	0.0098326	0.0117178	0.0015122	-0.0023578	-0.0102458	-0.0122581	-0.0020629	0.0018728
217.6000000	56.7999992	0.0000100	0.0000100	0.0000100	0.0000100	-0.0000100	-0.0000100	-0.0000100	-0.0000100	0.0100170	0.0119547	0.0015615	-0.0023949	-0.0104348	-0.0124892	-0.0021021	0.0019150
219.0500000	56.7900009	0.0000100	0.0000100	0.0000100	0.0000100	-0.0000100	-0.0000100	-0.0000100	-0.0000100	0.0101704	0.0121464	0.0016028	-0.0024266	-0.0106040	-0.0126876	-0.0021343	0.0019494
220.5500000	56.7999992	0.0000100	0.0000100	0.0000100	0.0000100	-0.0000100	-0.0000100	-0.0000100	-0.0000100	0.0103147	0.0123311	0.0016448	-0.0024439	-0.0107747	-0.0128807	-0.0021525	0.0020148
222.1500000	56.7900009	0.0000100	0.0000100	0.0000100	0.0000100	-0.0000100	-0.0000100	-0.0000100	-0.0000100	0.0104452	0.0125248	0.0017117	-0.0024383	-0.0109739	-0.0130861	-0.0021608	0.0020819
223.6000000	56.7900009	0.0000100	0.0000100	0.0000100	0.0000100	-0.0000100	-0.0000100	-0.0000100	-0.0000100	0.0105887	0.0127224	0.0017576	-0.0024809	-0.0111340	-0.0132738	-0.0021929	0.0021048
225.1000000	56.7900009	0.0000100	0.0000100	0.0000100	0.0000100	-0.0000100	-0.0000100	-0.0000100	-0.0000100	0.0107529	0.0129233	0.0017978	-0.0025201	-0.0112956	-0.0134749	-0.0022289	0.0021417
226.8500000	56.7900009	0.0000100	0.0000100	0.0000100	0.0000100	-0.0000100	-0.0000100	-0.0000100	-0.0000100	0.0109453	0.0131614	0.0018402	-0.0025649	-0.0114870	-0.0137069	-0.0022691	0.0021834
228.3500000	56.7900009	0.0000100	0.0000100	0.0000100	0.0000100	-0.0000100	-0.0000100	-0.0000100	-0.0000100	0.0111034	0.0133561	0.0018744	-0.0026065	-0.0116448	-0.0139006	-0.0023089	0.0022148
229.8000000	56.7900009	0.0000100	0.0000100	0.0000100	0.0000100	-0.0000100	-0.0000100	-0.0000100	-0.0000100	0.0112565	0.0135455	0.0019090	-0.0026420	-0.0117983	-0.0140861	-0.0023430	0.0022458
231.5500000	56.7900009	0.0000100	0.0000100	0.0000100	0.0000100	-0.0000100	-0.0000100	-0.0000100	-0.0000100	0.0114471	0.0137754	0.0019537	-0.0026896	-0.0119813	-0.0143078	-0.0023850	0.0022842
233.1000000	56.7900009	0.0000100	0.0000100	0.0000100	0.0000100	-0.0000100	-0.0000100	-0.0000100	-0.0000100	0.0115928	0.0139507	0.0019877	-0.0027253	-0.0121188	-0.0144823	-0.0024203	0.0023181
234.6000000	56.7900009	0.0000100	0.0000100	0.0000100	0.0000100	-0.0000100	-0.0000100	-0.0000100	-0.0000100	0.0117343	0.0141294	0.0020209	-0.0027530	-0.0122587	-0.0146525	-0.0024542	0.0023416
236.3500000	56.7799988	0.0000100	0.0000100	0.0000100	0.0000100	-0.0000100	-0.0000100	-0.0000100	-0.0000100	0.0118969	0.0143278	0.0020604	-0.0027952	-0.0124084	-0.0148407	-0.0024878	0.0023779
237.8500000	56.7900009	0.0000100	0.0000100	0.0000100	0.0000100	-0.0000100	-0.0000100	-0.0000100	-0.0000100	0.0120188	0.0144768	0.0020918	-0.0028286	-0.0125205	-0.0149762	-0.0025198	0.0024007
239.3000000	56.7799988	0.0000100	0.0000100	0.0000100	0.0000100	-0.0000100	-0.0000100	-0.0000100	-0.0000100	0.0121225	0.0146092	0.0021209	-0.0028486	-0.0126150	-0.0150961	-0.0025443	0.0024195
241.0500000	56.7799988	0.0000100	0.0000100	0.0000100	0.0000100	-0.0000100	-0.0000100	-0.0000100	-0.0000100	0.0122230	0.0147370	0.0021523	-0.0028810	-0.0127051	-0.0152126	-0.0025757	0.0024330
242.5500000	56.7799988	0.0000100	0.0000100	0.0000100	0.0000100	-0.0000100	-0.0000100	-0.0000100	-0.0000100	0.0122746	0.0148076	0.0021717	-0.0029027	-0.0127517	-0.0152682	-0.0025886	0.0024343
244.0000000	56.7799988	0.0000100	0.0000100	0.0000100	0.0000100	-0.0000100	-0.0000100	-0.0000100	-0.0000100	0.0123011	0.0148342	0.0021774	-0.0028960	-0.0127674	-0.0152812	-0.0025932	0.0024395
245.8000000	56.7700005	0.0000100	0.0000100	0.0000100	0.0000100	-0.0000100	-0.0000100	-0.0000100	-0.0000100	0.0122947	0.0148317	0.0021944	-0.0029008	-0.0127365	-0.0152454	-0.0025741	0.0024008
247.3000000	56.7799988	0.0000100	0.0000100	0.0000100	0.0000100	-0.0000100	-0.0000100	-0.0000100	-0.0000100	0.0122396	0.0147467	0.0021736	-0.0028719	-0.0126707	-0.0151836	-0.0025879	0.0023913
248.8000000	56.7799988	0.0000100	0.0000100	0.0000100	0.0000100	-0.0000100	-0.0000100	-0.0000100	-0.0000100	0.0121333	0.0146454	0.0021829	-0.0028716	-0.0125474	-0.0150291	-0.0025999	0.0024017
250.5500000	56.7700005	0.0000100	0.0000100	0.0000100	0.0000100	-0.0000100	-0.0000100	-0.0000100	-0.0000100	0.0119331	0.0143903	0.0021482	-0.0028357	-0.0123294	-0.0147611	-0.0025575	0.0023286
252.0500000	56.7700005	0.0000100	0.0000100	0.0000100	0.0000100	-0.0000100	-0.0000100	-0.0000100	-0.0000100	0.0116978	0.0141560	0.0021545	-0.0028114	-0.0120786	-0.0144913	-0.0025226	0.0022654
253.5500000	56.7700005	0.0000100	0.0000100	0.0000100	0.0000100	-0.0000100	-0.0000100	-0.0000100	-0.0000100	0.0114101	0.0137850	0.0021115	-0.0027475	-0.0117730	-0.0141229	-0.0024924	0.0022116
255.3000000	56.7799988	0.0000100	0.0000100	0.0000100	0.0000100	-0.0000100	-0.0000100	-0.0000100	-0.0000100	0.0109745	0.0133007	0.0020410	-0.0026615	-0.0113265	-0.0135844	-0.0024166	0.0021212
256.7500000	56.7700005	0.0000100	0.0000100	0.0000100	0.0000100	-0.0000100	-0.0000100	-0.0000100	-0.0000100	0.0105566	0.0128035	0.0019713	-0.0025705	-0.0108913	-0.0130597	-0.0023383	0.0019968
258.2500000	56.7700005	0.0000100	0.0000100	0.0000100	0.0000100	-0.0000100	-0.0000100	-0.0000100	-0.0000100	0.0100884	0.0122049	0.0018562	-0.0024399	-0.0104031	-0.0124669	-0.0022494	0.0019071
260.2000000	56.7700005	0.0000100	0.0000100	0.0000100	0.0000100	-0.0000100	-0.0000100	-0.0000100	-0.0000100	0.0094292	0.0114338	0.0017629	-0.0023171	-0.0097259	-0.0116444	-0.0021176	0.0017546
261.8000000	56.7700005	0.0000100	0.0000100	0.0000100	0.0000100	-0.0000100	-0.0000100	-0.0000100	-0.0000100	0.0088562	0.0107402	0.0016515	-0.0021829	-0.0091528	-0.0109539	-0.0019930	0.0015978
263.3500000	56.7700005	0.0000100	0.0000100	0.0000100	0.0000100	-0.0000100	-0.0000100	-0.0000100	-0.0000100	0.0082681	0.0100193	0.0015324	-0.0020467	-0.0085684	-0.0102408	-0.0018832	0.0014907
265.1500000	56.7700005	0.0000100	0.0000100	0.0000100	0.0000100	-0.0000100	-0.0000100	-0.0000100	-0.0000100	0.0075836	0.0091834	0.0013872	-0.0018867	-0.0078805	-0.0094008	-0.0017453	0.0013317
266.7000000	56.7700005	0.0000100	0.0000100	0.0000100	0.0000100	-0.0000100	-0.0000100	-0.0000100	-0.0000100	0.0070086	0.0084861	0.0012649	-0.0017482	-0.0073196	-0.0087258	-0.0016239	0.0012032
268.2000000	56.7700005	0.0000100	0.0000100	0.0000100	0.0000100	-0.0000100	-0.0000100	-0.0000100	-0.0000100	0.0064675	0.0078200	0.0011496	-0.0016221	-0.0067856	-0.0080721	-0.0015131	0.0010823
270.0000000	56.7700005	0.0000100	0.0000100	0.0000100	0.0000100	-0.0000100	-0.0000100	-0.0000100	-0.0000100	0.0058528	0.0070745	0.0010172	-0.0014764	-0.0061755	-0.0073295	-0.0013798	0.0009475
271.5000000	56.7700005	0.0000100	0.0000100	0.0000100	0.0000100	-0.0000100	-0.0000100	-0.0000100	-0.0000100	0.0053638	0.0064713	0.0009047	-0.0013633	-0.0056986	-0.0067513	-0.0012767	0.0008456
273.0000000	56.7700005	0.0000100	0.0000100	0.0000100	0.0000100	-0.0000100	-0.0000100	-0.0000100	-0.0000100	0.0049223	0.0059301	0.0008172	-0.0012573	-0.0052542	-0.0062077	-0.0011853	0.0007468
274.7500000	56.7599983	0.0000100	0.0000100	0.0000100	0.0000100	-0.0000100	-0.0000100	-0.0000100	-0.0000100	0.0044247	0.0053247	0.0007050	-0.0011466	-0.0047742	-0.0056248	-0.0010847	0.0006354
276.3000000	56.7700005	0.0000100	0.0000100	0.0000100	0.0000100	-0.0000100	-0.0000100	-0.0000100	-0.0000100	0.0040422	0.0048579	0.0006244	-0.0010604	-0.0044027	-0.0051839	-0.0010073	0.0005571
277.8000000	56.7700005	0.0000100	0.0000100	0.0000100	0.0000100	-0.0000100	-0.0000100	-0.0000100	-0.0000100	0.0036849	0.0044330	0.0005455	-0.0009786	-0.0040569	-0.0047659	-0.0009344	0.0004850
279.5500000	56.7700005	0.0000100	0.0000100	0.0000100	0.0000100	-0.0000100	-0.0000100	-0.0000100	-0.0000100	0.0033125	0.0039755	0.0004651	-0.0008995	-0.0036904	-0.0043176	-0.0008582	0.0004094
281.1000000	56.7599983	0.0000100	0.0000100	0.0000100	0.0000100	-0.0000100	-0.0000100	-0.0000100	-0.0000100	0.0030235	0.0036208	0.0004015	-0.0008400	-0.0034169	-0.0039876	-0.0008027	0.0003542
282.6000000	56.7700005	0.0000100	0.0000100	0.0000100	0.0000100	-0.0000100	-0.0000100	-0.0000100	-0.0000100	0.0027583	0.0032994	0.0003481	-0.0007800	-0.0031513	-0.0036748	-0.0007533	0.0002991
284.4000000	56.7700005	0.0000100	0.0000100	0.0000100	0.0000100	-0.0000100	-0.0000100	-0.0000100	-0.0000100	0.0024687	0.0029550	0.0002875	-0.0007202	-0.0028727	-0.0033413	-0.0006910	0.0002461
285.9000000	56.7700005	0.0000100	0.0000100	0.0000100	0.0000100	-0.0000100	-0.0000100	-0.0000100	-0.0000100	0.0022498	0.0026949	0.0002445	-0.0006753	-0.0026658	-0.0030911	-0.0006517	0.0002017
287.3500000	56.7700005	0.0000100	0.0000100	0.0000100	0.0000100	-0.0000100	-0.0000100	-0.0000100	-0.0000100	0.0020527	0.0024590	0.0002047	-0.0006352	-0.0024774	-0.0028642	-0.0006164	0.0001651
289.2000000	56.7599983	0.0000100	0.0000100	0.0000100	0.0000100	-0.0000100	-0.0000100	-0.0000100	-0.0000100	0.0018342	0.0022003	0.0001596	-0.0005914	-0.0022688	-0.0026144	-0.0005721	0.0001285
290.6500000	56.7700005	0.0000100	0.0000100	0.0000100	0.0000100	-0.0000100	-0.0000100	-0.0000100	-0.0000100	0.0016719	0.0020121	0.0001300	-0.0005604	-0.0021085	-0.0024237	-0.0005434	0.0000965
292.2000000	56.7700005	0.0000100	0.0000100	0.0000100	0.0000100	-0.0000100	-0.0000100	-0.0000100	-0.0000100	0.0015283	0.0018335	0.0001038	-0.0005264	-0.0019624	-0.0022558	-0.0005138	0.0000731
294.0000000	56.7700005	0.0000100	0.0000100	0.0000100	0.0000100	-0.0000100	-0.0000100	-0.0000100	-0.0000100	0.0013666	0.0016378	0.0000676	-0.0004957	-0.0018095	-0.0020749	-0.0004867	0.0000416
295.5000000	56.7599983	0.0000100	0.0000100	0.0000100	0.0000100	-0.0000100	-0.0000100	-0.0000100	-0.0000100	0.0012440	0.0014950	0.0000426	-0.0004726	-0.0016972	-0.0019389	-0.0004649	0.0000224
297.0000000	56.7599983	0.0000100	0.0000100	0.0000100	0.0000100	-0.0000100	-0.0000100	-0.0000100	-0.0000100	0.0011295	0.0013638	0.0000229	-0.0004513	-0.0015886	-0.0018141	-0.0004497	0.0000043
298.7500000	56.7700005	0.0000100	0.0000100	0.0000100	0.0000100	-0.0000100	-0.0000100	-0.0000100	-0.0000100	0.0010109	0.0012217	0.0000011	-0.0004283	-0.0014730	-0.0016728	-0.0004237	-0.0000178
300.3000000	56.7599983	0.0000100	0.0000100	0.0000100	0.0000100	-0.0000100	-0.0000100	-0.0000100	-0.0000100	0.0009182	0.0011123	-0.0000169	-0.0004093	-0.0013778	-0.0015687	-0.0004078	-0.0000280
301.8000000	56.7700005	0.0000100	0.0000100	0.0000100	0.0000100	-0.0000100	-0.0000100	-0.0000100	-0.0000100	0.0008382	0.0010116	-0.0000325	-0.0003918	-0.0013014	-0.0014725	-0.0003889	-0.0000378
303.6000000	56.7599983	0.0000100	0.0000100	0.0000100	0.0000100	-0.0000100	-0.0000100	-0.0000100	-0.0000100	0.0007467	0.0009021	-0.0000472	-0.0003703	-0.0012121	-0.0013655	-0.0003772	-0.0000538
305.1500000	56.7599983	0.0000100	0.0000100	0.0000100	0.0000100	-0.0000100	-0.0000100	-0.0000100	-0.0000100	0.0006737	0.0008230	-0.0000626	-0.0003631	-0.0011404	-0.0012886	-0.0003665	-0.0000673
306.6500000	56.7599983	0.0000100	0.0000100	0.0000100	0.0000100	-0.0000100	-0.0000100	-0.0000100	-0.0000100	0.0006072	0.0007446	-0.0000716	-0.0003442	-0.0010784	-0.0012120	-0.0003525	-0.0000717
308.3500000	56.7599983	0.0000100	0.0000100	0.0000100	0.0000100	-0.0000100	-0.0000100	-0.0000100	-0.0000100	0.0005346	0.0006475	-0.0000931	-0.0003194	-0.0010147	-0.0011360	-0.0003414	-0.0000887
310.0500000	56.7599983	0.0000100	0.0000100	0.0000100	0.0000100	-0.0000100	-0.0000100	-0.0000100	-0.0000100	0.0004795	0.0005930	-0.0000961	-0.0003241	-0.0009583	-0.0010751	-0.0003314	-0.0000913
311.5500000	56.7599983	0.0000100	0.0000100	0.0000100	0.0000100	-0.0000100	-0.0000100	-0.0000100	-0.0000100	0.0004297	0.0005333	-0.0001050	-0.0003133	-0.0009064	-0.0010158	-0.0003226	-0.0000986
313.4000000	56.7700005	0.0000100	0.0000100	0.0000100	0.0000100	-0.0000100	-0.0000100	-0.0000100	-0.0000100	0.0003736	0.0004698	-0.0001164	-0.0003027	-0.0008606	-0.0009611	-0.0003182	-0.0001056
314.9000000	56.7599983	0.0000100	0.0000100	0.0000100	0.0000100	-0.0000100	-0.0000100	-0.0000100	-0.0000100	0.0003320	0.0004153	-0.0001226	-0.0002971	-0.0008218	-0.0009132	-0.0003128	-0.0001115
316.4000000	56.7599983	0.0000100	0.0000100	0.0000100	0.0000100	-0.0000100	-0.0000100	-0.0000100	-0.0000100	0.0002909	0.0003667	-0.0001312	-0.0002855	-0.0007833	-0.0008706	-0.0003051	-0.0001165
318.2500000	56.7599983	0.0000100	0.0000100	0.0000100	0.0000100	-0.0000100	-0.0000100	-0.0000100	-0.0000100	0.0002481	0.0003239	-0.0001357	-0.0002754	-0.0007391	-0.0008202	-0.0002953	-0.0001204
319.8000000	56.7700005	0.0000100	0.0000100	0.0000100	0.0000100	-0.0000100	-0.0000100	-0.0000100	-0.0000100	0.0002195	0.0002883	-0.0001413	-0.0002662	-0.0007111	-0.0007883	-0.0002905	-0.0001180
321.3000000	56.7599983	0.0000100	0.0000100	0.0000100	0.0000100	-0.0000100	-0.0000100	-0.0000100	-0.0000100	0.0001873	0.0002479	-0.0001462	-0.0002650	-0.0006796	-0.0007531	-0.0002870	-0.0001274
323.1000000	56.7599983	0.0000100	0.0000100	0.0000100	0.0000100	-0.0000100	-0.0000100	-0.0000100	-0.0000100	0.0001527	0.0002065	-0.0001541	-0.0002583	-0.0006501	-0.0007177	-0.0002822	-0.0001299
324.6500000	56.7700005	0.0000100	0.0000100	0.0000100	0.0000100	-0.0000100	-0.0000100	-0.0000100	-0.0000100	0.0001275	0.0001766	-0.0001553	-0.0002503	-0.0006257	-0.0006914	-0.0002757	-0.0001351
326.1500000	56.7700005	0.0000100	0.0000100	0.0000100	0.0000100	-0.0000100	-0.0000100	-0.0000100	-0.0000100	0.0000999	0.0001482	-0.0001623	-0.0002459	-0.0006023	-0.0006666	-0.0002740	-0.0001363
198.8000000	56.7700005	0.0000100	0.0000100	0.0000100	0.0000100	-0.0000100	-0.0000100	-0.0000100	-0.0000100	0.0000734	0.0001174	-0.0001678	-0.0002363	-0.0005816	-0.0006328	-0.0002700	-0.0001384
329.5000000	56.7599983	0.0000100	0.0000100	0.0000100	0.0000100	-0.0000100	-0.0000100	-0.0000100	-0.0000100	0.0000527	0.0000909	-0.0001717	-0.0002354	-0.0005622	-0.0006149	-0.0002678	-0.0001431
331.0000000	56.7700005	0.0000100	0.0000100	0.0000100	0.0000100	-0.0000100	-0.0000100	-0.0000100	-0.0000100	0.0000286	0.0000684	-0.0001764	-0.0002315	-0.0005453	-0.0005952	-0.0002664	-0.0001428
332.8000000	56.7700005	0.0000100	0.0000100	0.0000100	0.0000100	-0.0000100	-0.0000100	-0.0000100	-0.0000100	0.0000133	0.0000431	-0.0001775	-0.0002234	-0.0005234	-0.0005705	-0.0002643	-0.0001390
334.3500000	56.7599983	0.0000100	0.0000100	0.0000100	0.0000100	-0.0000100	-0.0000100	-0.0000100	-0.0000100	-0.0000080	0.0000241	-0.0001825	-0.0002213	-0.0005121	-0.0005580	-0.0002616	-0.0001418
335.8500000	56.7700005	0.0000100	0.0000100	0.0000100	0.0000100	-0.0000100	-0.0000100	-0.0000100	-0.0000100	-0.0000234	0.0000044	-0.0001862	-0.0002168	-0.0004950	-0.0005416	-0.0002580	-0.0001461
337.6500000	56.7599983	0.0000100	0.0000100	0.0000100	0.0000100	-0.0000100	-0.0000100	-0.0000100	-0.0000100	-0.0000365	-0.0000156	-0.0001884	-0.0002084	-0.0004792	-0.0005260	-0.0002592	-0.0001423
339.1500000	56.7599983	0.0000100	0.0000100	0.0000100	0.0000100	-0.0000100	-0.0000100	-0.0000100	-0.0000100	-0.0000533	-0.0000322	-0.0001897	-0.0002044	-0.0004661	-0.0005117	-0.0002567	-0.0001427
340.6500000	56.7599983	0.0000100	0.0000100	0.0000100	0.0000100	-0.0000100	-0.0000100	-0.0000100	-0.0000100	-0.0000636	-0.0000463	-0.0001931	-0.0002049	-0.0004596	-0.0004990	-0.0002545	-0.0001428
342.4500000	56.7700005	0.0000100	0.0000100	0.0000100	0.0000100	-0.0000100	-0.0000100	-0.0000100	-0.0000100	-0.0000801	-0.0000652	-0.0001965	-0.0002014	-0.0004498	-0.0004895	-0.0002558	-0.0001432
344.0000000	56.7599983	0.0000100	0.0000100	0.0000100	0.0000100	-0.0000100	-0.0000100	-0.0000100	-0.0000100	-0.0000928	-0.0000779	-0.0002002	-0.0001996	-0.0004372	-0.0004787	-0.0002552	-0.0001437
345.5000000	56.7599983	0.0000100	0.0000100	0.0000100	0.0000100	-0.0000100	-0.0000100	-0.0000100	-0.0000100	-0.0000999	-0.0000895	-0.0002031	-0.0001947	-0.0004313	-0.0004691	-0.0002559	-0.0001461
347.3000000	56.7500000	0.0000100	0.0000100	0.0000100	0.0000100	-0.0000100	-0.0000100	-0.0000100	-0.0000100	-0.0001133	-0.0001048	-0.0002050	-0.0001891	-0.0004171	-0.0004607	-0.0002518	-0.0001423
348.8000000	56.7599983	0.0000100	0.0000100	0.0000100	0.0000100	-0.0000100	-0.0000100	-0.0000100	-0.0000100	-0.0001232	-0.0001158	-0.0002071	-0.0001829	-0.0004123	-0.0004522	-0.0002518	-0.0001436
350.3000000	56.7599983	0.0000100	0.0000100	0.0000100	0.0000100	-0.0000100	-0.0000100	-0.0000100	-0.0000100	-0.0001323	-0.0001288	-0.0002087	-0.0001805	-0.0004057	-0.0004445	-0.0002508	-0.0001388
