Mon, Apr 07, 2025
2:23:28 PM

Temperature (K)	B-Field (Gauss)	sample I AB	sample I AD	sample I AC	sample I BD	sample I -AB	sample I -AD	sample I -AC	sample I -BD	Voltage DC	Voltage BC	Voltage BD	Voltage AC	Voltage -DC	Voltage -BC	Voltage -BD	Voltage -AC	
95.9850000	-3255.0000000	0.0000100	0.0000100	0.0000100	0.0000100	-0.0000100	-0.0000100	-0.0000100	-0.0000100	0.0026182	0.0028616	0.0067303	0.0061799	-0.0024094	-0.0035223	-0.0080483	-0.0066849
97.2800000	-32.5200005	0.0000100	0.0000100	0.0000100	0.0000100	-0.0000100	-0.0000100	-0.0000100	-0.0000100	0.0019201	0.0018796	-0.0001797	-0.0005118	-0.0017773	-0.0024751	-0.0009989	-0.0000292
98.5150000	3241.0000000	0.0000100	0.0000100	0.0000100	0.0000100	-0.0000100	-0.0000100	-0.0000100	-0.0000100	0.0027706	0.0026896	-0.0069733	-0.0076561	-0.0025723	-0.0032624	0.0057684	0.0070795
100.1550000	-3258.0000000	0.0000100	0.0000100	0.0000100	0.0000100	-0.0000100	-0.0000100	-0.0000100	-0.0000100	0.0027753	0.0030688	0.0068216	0.0061819	-0.0025883	-0.0037298	-0.0081124	-0.0066876
101.4300000	-33.1199989	0.0000100	0.0000100	0.0000100	0.0000100	-0.0000100	-0.0000100	-0.0000100	-0.0000100	0.0020543	0.0020521	-0.0001405	-0.0005336	-0.0019292	-0.0026487	-0.0010196	0.0000012
102.7500000	3240.0000000	0.0000100	0.0000100	0.0000100	0.0000100	-0.0000100	-0.0000100	-0.0000100	-0.0000100	0.0029343	0.0028996	-0.0069548	-0.0077116	-0.0027617	-0.0034713	0.0057706	0.0071484
104.3400000	-3257.0000000	0.0000100	0.0000100	0.0000100	0.0000100	-0.0000100	-0.0000100	-0.0000100	-0.0000100	0.0029463	0.0032931	0.0069014	0.0061802	-0.0027758	-0.0039425	-0.0081545	-0.0066703
105.6900000	-33.5600014	0.0000100	0.0000100	0.0000100	0.0000100	-0.0000100	-0.0000100	-0.0000100	-0.0000100	0.0022064	0.0022411	-0.0000989	-0.0005533	-0.0020887	-0.0028293	-0.0010364	0.0000353
107.0750000	3238.0000000	0.0000100	0.0000100	0.0000100	0.0000100	-0.0000100	-0.0000100	-0.0000100	-0.0000100	0.0031168	0.0031278	-0.0069349	-0.0077665	-0.0029628	-0.0036939	0.0057817	0.0072256
108.6350000	-3256.0000000	0.0000100	0.0000100	0.0000100	0.0000100	-0.0000100	-0.0000100	-0.0000100	-0.0000100	0.0031330	0.0035276	0.0069716	0.0061833	-0.0029799	-0.0041644	-0.0082031	-0.0066629
109.9450000	-33.4900017	0.0000100	0.0000100	0.0000100	0.0000100	-0.0000100	-0.0000100	-0.0000100	-0.0000100	0.0023693	0.0024448	-0.0000618	-0.0005785	-0.0022672	-0.0030345	-0.0010682	0.0000685
111.2050000	3239.0000000	0.0000100	0.0000100	0.0000100	0.0000100	-0.0000100	-0.0000100	-0.0000100	-0.0000100	0.0033042	0.0033519	-0.0069273	-0.0078296	-0.0031690	-0.0039299	0.0057765	0.0072884
112.7700000	-3256.0000000	0.0000100	0.0000100	0.0000100	0.0000100	-0.0000100	-0.0000100	-0.0000100	-0.0000100	0.0033199	0.0037598	0.0070469	0.0061743	-0.0031868	-0.0044075	-0.0082720	-0.0066573
114.0100000	-33.5000000	0.0000100	0.0000100	0.0000100	0.0000100	-0.0000100	-0.0000100	-0.0000100	-0.0000100	0.0025304	0.0026354	-0.0000323	-0.0006076	-0.0024458	-0.0032341	-0.0010962	0.0000995
115.3100000	3238.0000000	0.0000100	0.0000100	0.0000100	0.0000100	-0.0000100	-0.0000100	-0.0000100	-0.0000100	0.0034936	0.0035846	-0.0069157	-0.0078905	-0.0033788	-0.0041703	0.0057778	0.0073594
116.9700000	-3255.0000000	0.0000100	0.0000100	0.0000100	0.0000100	-0.0000100	-0.0000100	-0.0000100	-0.0000100	0.0035174	0.0040039	0.0071186	0.0061686	-0.0034059	-0.0046500	-0.0083218	-0.0066495
118.2300000	-33.7099991	0.0000100	0.0000100	0.0000100	0.0000100	-0.0000100	-0.0000100	-0.0000100	-0.0000100	0.0027155	0.0028602	0.0000101	-0.0006426	-0.0026408	-0.0034612	-0.0011322	0.0001314
119.5200000	3237.0000000	0.0000100	0.0000100	0.0000100	0.0000100	-0.0000100	-0.0000100	-0.0000100	-0.0000100	0.0036984	0.0038352	-0.0069051	-0.0079622	-0.0036034	-0.0044253	0.0057723	0.0074364
121.2150000	-3255.0000000	0.0000100	0.0000100	0.0000100	0.0000100	-0.0000100	-0.0000100	-0.0000100	-0.0000100	0.0037343	0.0042704	0.0072047	0.0061629	-0.0036329	-0.0049102	-0.0083888	-0.0066395
122.6500000	-33.2599983	0.0000100	0.0000100	0.0000100	0.0000100	-0.0000100	-0.0000100	-0.0000100	-0.0000100	0.0029083	0.0030968	0.0000539	-0.0006737	-0.0028510	-0.0036983	-0.0011556	0.0001709
124.0650000	3237.0000000	0.0000100	0.0000100	0.0000100	0.0000100	-0.0000100	-0.0000100	-0.0000100	-0.0000100	0.0039287	0.0041184	-0.0068857	-0.0080394	-0.0038473	-0.0047063	0.0057779	0.0075232
125.7200000	-3253.0000000	0.0000100	0.0000100	0.0000100	0.0000100	-0.0000100	-0.0000100	-0.0000100	-0.0000100	0.0039687	0.0045606	0.0072944	0.0061586	-0.0038810	-0.0052013	-0.0084640	-0.0066346
126.9850000	-33.4700012	0.0000100	0.0000100	0.0000100	0.0000100	-0.0000100	-0.0000100	-0.0000100	-0.0000100	0.0031239	0.0033517	0.0000959	-0.0007113	-0.0030688	-0.0039521	-0.0011952	0.0002153
128.2650000	3236.0000000	0.0000100	0.0000100	0.0000100	0.0000100	-0.0000100	-0.0000100	-0.0000100	-0.0000100	0.0041662	0.0043967	-0.0068780	-0.0081262	-0.0040881	-0.0049887	0.0057744	0.0076061
129.8200000	-3253.0000000	0.0000100	0.0000100	0.0000100	0.0000100	-0.0000100	-0.0000100	-0.0000100	-0.0000100	0.0041929	0.0048401	0.0073835	0.0061515	-0.0041185	-0.0054780	-0.0085389	-0.0066259
131.0800000	-33.6100006	0.0000100	0.0000100	0.0000100	0.0000100	-0.0000100	-0.0000100	-0.0000100	-0.0000100	0.0033286	0.0036050	0.0001446	-0.0007451	-0.0032833	-0.0042060	-0.0012291	0.0002536
132.3700000	3235.0000000	0.0000100	0.0000100	0.0000100	0.0000100	-0.0000100	-0.0000100	-0.0000100	-0.0000100	0.0043971	0.0046776	-0.0068669	-0.0082011	-0.0043316	-0.0052660	0.0057735	0.0076949
133.9300000	-3252.0000000	0.0000100	0.0000100	0.0000100	0.0000100	-0.0000100	-0.0000100	-0.0000100	-0.0000100	0.0044271	0.0051248	0.0074764	0.0061456	-0.0043658	-0.0057634	-0.0086239	-0.0066204
135.2350000	-33.5200005	0.0000100	0.0000100	0.0000100	0.0000100	-0.0000100	-0.0000100	-0.0000100	-0.0000100	0.0035502	0.0038673	0.0001873	-0.0007878	-0.0035120	-0.0044734	-0.0012684	0.0002942
136.5050000	3234.0000000	0.0000100	0.0000100	0.0000100	0.0000100	-0.0000100	-0.0000100	-0.0000100	-0.0000100	0.0046410	0.0049676	-0.0068597	-0.0082888	-0.0045803	-0.0055588	0.0057770	0.0077851
138.2200000	-3251.0000000	0.0000100	0.0000100	0.0000100	0.0000100	-0.0000100	-0.0000100	-0.0000100	-0.0000100	0.0046851	0.0054406	0.0075797	0.0061502	-0.0046302	-0.0060748	-0.0087058	-0.0066157
139.6650000	-33.5099983	0.0000100	0.0000100	0.0000100	0.0000100	-0.0000100	-0.0000100	-0.0000100	-0.0000100	0.0037946	0.0041663	0.0002397	-0.0008352	-0.0037699	-0.0047725	-0.0013127	0.0003412
141.0550000	3234.0000000	0.0000100	0.0000100	0.0000100	0.0000100	-0.0000100	-0.0000100	-0.0000100	-0.0000100	0.0049157	0.0053033	-0.0068455	-0.0083924	-0.0048697	-0.0058958	0.0057817	0.0079001
142.6400000	-3251.0000000	0.0000100	0.0000100	0.0000100	0.0000100	-0.0000100	-0.0000100	-0.0000100	-0.0000100	0.0049525	0.0057769	0.0076957	0.0061462	-0.0049163	-0.0064080	-0.0088035	-0.0066096
143.9600000	-33.1699982	0.0000100	0.0000100	0.0000100	0.0000100	-0.0000100	-0.0000100	-0.0000100	-0.0000100	0.0040510	0.0044744	0.0002928	-0.0008784	-0.0040320	-0.0050814	-0.0013577	0.0003964
145.2600000	3233.0000000	0.0000100	0.0000100	0.0000100	0.0000100	-0.0000100	-0.0000100	-0.0000100	-0.0000100	0.0051838	0.0056246	-0.0068453	-0.0084907	-0.0051477	-0.0062158	0.0057868	0.0080056
146.8900000	-3249.0000000	0.0000100	0.0000100	0.0000100	0.0000100	-0.0000100	-0.0000100	-0.0000100	-0.0000100	0.0052310	0.0061116	0.0078011	0.0061451	-0.0052066	-0.0067423	-0.0089068	-0.0066124
148.1750000	-33.2700005	0.0000100	0.0000100	0.0000100	0.0000100	-0.0000100	-0.0000100	-0.0000100	-0.0000100	0.0043171	0.0047928	0.0003475	-0.0009226	-0.0043025	-0.0054005	-0.0014043	0.0004497
149.4600000	3232.0000000	0.0000100	0.0000100	0.0000100	0.0000100	-0.0000100	-0.0000100	-0.0000100	-0.0000100	0.0054647	0.0059683	-0.0068365	-0.0085988	-0.0054394	-0.0065572	0.0057929	0.0081209
151.0050000	-3249.0000000	0.0000100	0.0000100	0.0000100	0.0000100	-0.0000100	-0.0000100	-0.0000100	-0.0000100	0.0055142	0.0064587	0.0079277	0.0061539	-0.0054900	-0.0070817	-0.0090063	-0.0066067
152.3300000	-32.8600006	0.0000100	0.0000100	0.0000100	0.0000100	-0.0000100	-0.0000100	-0.0000100	-0.0000100	0.0045857	0.0051251	0.0004086	-0.0009729	-0.0045854	-0.0057274	-0.0014459	0.0005064
153.7200000	3232.0000000	0.0000100	0.0000100	0.0000100	0.0000100	-0.0000100	-0.0000100	-0.0000100	-0.0000100	0.0057581	0.0063242	-0.0068334	-0.0087160	-0.0057530	-0.0069208	0.0058031	0.0082382
155.2900000	-3249.0000000	0.0000100	0.0000100	0.0000100	0.0000100	-0.0000100	-0.0000100	-0.0000100	-0.0000100	0.0058107	0.0068242	0.0080562	0.0061536	-0.0058079	-0.0074502	-0.0091185	-0.0066123
156.5950000	-32.5000000	0.0000100	0.0000100	0.0000100	0.0000100	-0.0000100	-0.0000100	-0.0000100	-0.0000100	0.0048722	0.0054755	0.0004729	-0.0010304	-0.0048878	-0.0060810	-0.0014960	0.0005636
157.9900000	3231.0000000	0.0000100	0.0000100	0.0000100	0.0000100	-0.0000100	-0.0000100	-0.0000100	-0.0000100	0.0060615	0.0066921	-0.0068254	-0.0088360	-0.0060722	-0.0072863	0.0058159	0.0083647
159.5550000	-3247.0000000	0.0000100	0.0000100	0.0000100	0.0000100	-0.0000100	-0.0000100	-0.0000100	-0.0000100	0.0061093	0.0071994	0.0081930	0.0061584	-0.0061316	-0.0078255	-0.0092302	-0.0066132
160.8650000	-32.9000015	0.0000100	0.0000100	0.0000100	0.0000100	-0.0000100	-0.0000100	-0.0000100	-0.0000100	0.0051575	0.0058332	0.0005477	-0.0010833	-0.0052009	-0.0064364	-0.0015416	0.0006203
162.1650000	3230.0000000	0.0000100	0.0000100	0.0000100	0.0000100	-0.0000100	-0.0000100	-0.0000100	-0.0000100	0.0063457	0.0070442	-0.0068154	-0.0089507	-0.0063890	-0.0076412	0.0058418	0.0084905
163.8400000	-3246.0000000	0.0000100	0.0000100	0.0000100	0.0000100	-0.0000100	-0.0000100	-0.0000100	-0.0000100	0.0063825	0.0075592	0.0083383	0.0061685	-0.0064647	-0.0081920	-0.0093318	-0.0066170
165.1550000	-32.5000000	0.0000100	0.0000100	0.0000100	0.0000100	-0.0000100	-0.0000100	-0.0000100	-0.0000100	0.0054205	0.0061765	0.0006232	-0.0011322	-0.0055268	-0.0067964	-0.0015718	0.0006858
166.5450000	3230.0000000	0.0000100	0.0000100	0.0000100	0.0000100	-0.0000100	-0.0000100	-0.0000100	-0.0000100	0.0066076	0.0073964	-0.0067957	-0.0090630	-0.0067484	-0.0080299	0.0058716	0.0086338
168.1500000	-3246.0000000	0.0000100	0.0000100	0.0000100	0.0000100	-0.0000100	-0.0000100	-0.0000100	-0.0000100	0.0066240	0.0078955	0.0084938	0.0062084	-0.0068263	-0.0085792	-0.0094085	-0.0065766
169.5650000	-32.7900009	0.0000100	0.0000100	0.0000100	0.0000100	-0.0000100	-0.0000100	-0.0000100	-0.0000100	0.0056516	0.0065058	0.0007262	-0.0011411	-0.0059071	-0.0071990	-0.0015958	0.0007989
170.8400000	3229.0000000	0.0000100	0.0000100	0.0000100	0.0000100	-0.0000100	-0.0000100	-0.0000100	-0.0000100	0.0068392	0.0077292	-0.0067596	-0.0091358	-0.0071357	-0.0084362	0.0059154	0.0088179
172.4300000	-3246.0000000	0.0000100	0.0000100	0.0000100	0.0000100	-0.0000100	-0.0000100	-0.0000100	-0.0000100	0.0068796	0.0082590	0.0086594	0.0062550	-0.0072089	-0.0089943	-0.0095110	-0.0065434
173.8350000	-33.4700012	0.0000100	0.0000100	0.0000100	0.0000100	-0.0000100	-0.0000100	-0.0000100	-0.0000100	0.0059441	0.0068884	0.0008207	-0.0011764	-0.0062733	-0.0076056	-0.0016390	0.0008803
175.1350000	3228.0000000	0.0000100	0.0000100	0.0000100	0.0000100	-0.0000100	-0.0000100	-0.0000100	-0.0000100	0.0071682	0.0081373	-0.0067493	-0.0092654	-0.0074976	-0.0088454	0.0059440	0.0089681
176.7100000	-3245.0000000	0.0000100	0.0000100	0.0000100	0.0000100	-0.0000100	-0.0000100	-0.0000100	-0.0000100	0.0072297	0.0086874	0.0088141	0.0062607	-0.0075771	-0.0094294	-0.0096548	-0.0065532
178.0300000	-33.2999992	0.0000100	0.0000100	0.0000100	0.0000100	-0.0000100	-0.0000100	-0.0000100	-0.0000100	0.0062786	0.0072945	0.0008864	-0.0012435	-0.0066311	-0.0080222	-0.0017049	0.0009415
179.3150000	3228.0000000	0.0000100	0.0000100	0.0000100	0.0000100	-0.0000100	-0.0000100	-0.0000100	-0.0000100	0.0075144	0.0085537	-0.0067533	-0.0094150	-0.0078591	-0.0092734	0.0059493	0.0091055
181.0050000	-3244.0000000	0.0000100	0.0000100	0.0000100	0.0000100	-0.0000100	-0.0000100	-0.0000100	-0.0000100	0.0075946	0.0091313	0.0089700	0.0062619	-0.0079491	-0.0098650	-0.0097960	-0.0065625
182.3000000	-32.3100014	0.0000100	0.0000100	0.0000100	0.0000100	-0.0000100	-0.0000100	-0.0000100	-0.0000100	0.0066478	0.0077395	0.0009575	-0.0013252	-0.0069959	-0.0084534	-0.0017628	0.0010125
183.5800000	3227.0000000	0.0000100	0.0000100	0.0000100	0.0000100	-0.0000100	-0.0000100	-0.0000100	-0.0000100	0.0078909	0.0090079	-0.0067520	-0.0095672	-0.0082337	-0.0097102	0.0059622	0.0092622
185.1500000	-3244.0000000	0.0000100	0.0000100	0.0000100	0.0000100	-0.0000100	-0.0000100	-0.0000100	-0.0000100	0.0079528	0.0095696	0.0091210	0.0062618	-0.0083138	-0.0103004	-0.0099380	-0.0065728
186.5150000	-32.7200012	0.0000100	0.0000100	0.0000100	0.0000100	-0.0000100	-0.0000100	-0.0000100	-0.0000100	0.0070144	0.0081860	0.0010417	-0.0014012	-0.0073709	-0.0088938	-0.0018337	0.0010797
187.8050000	3226.0000000	0.0000100	0.0000100	0.0000100	0.0000100	-0.0000100	-0.0000100	-0.0000100	-0.0000100	0.0082617	0.0094562	-0.0067503	-0.0097281	-0.0086172	-0.0101540	0.0059709	0.0094004
189.4300000	-3243.0000000	0.0000100	0.0000100	0.0000100	0.0000100	-0.0000100	-0.0000100	-0.0000100	-0.0000100	0.0083356	0.0100385	0.0092855	0.0062620	-0.0086939	-0.0107490	-0.0100804	-0.0065871
190.8850000	-32.9799995	0.0000100	0.0000100	0.0000100	0.0000100	-0.0000100	-0.0000100	-0.0000100	-0.0000100	0.0074071	0.0086623	0.0011286	-0.0014826	-0.0077619	-0.0093515	-0.0018983	0.0011473
192.2450000	3226.0000000	0.0000100	0.0000100	0.0000100	0.0000100	-0.0000100	-0.0000100	-0.0000100	-0.0000100	0.0086671	0.0099480	-0.0067415	-0.0098951	-0.0090205	-0.0106284	0.0059916	0.0095594
193.8600000	-3242.0000000	0.0000100	0.0000100	0.0000100	0.0000100	-0.0000100	-0.0000100	-0.0000100	-0.0000100	0.0087470	0.0105470	0.0094649	0.0062556	-0.0091118	-0.0112400	-0.0102323	-0.0065947
195.2550000	-33.3199997	0.0000100	0.0000100	0.0000100	0.0000100	-0.0000100	-0.0000100	-0.0000100	-0.0000100	0.0078184	0.0091671	0.0012230	-0.0015694	-0.0081813	-0.0098424	-0.0019718	0.0012183
196.5250000	3225.0000000	0.0000100	0.0000100	0.0000100	0.0000100	-0.0000100	-0.0000100	-0.0000100	-0.0000100	0.0090687	0.0104421	-0.0067290	-0.0100646	-0.0094348	-0.0111059	0.0059963	0.0097106
198.1500000	-3242.0000000	0.0000100	0.0000100	0.0000100	0.0000100	-0.0000100	-0.0000100	-0.0000100	-0.0000100	0.0091424	0.0110401	0.0096333	0.0062418	-0.0095178	-0.0117154	-0.0103769	-0.0066054
199.6800000	-33.4000015	0.0000100	0.0000100	0.0000100	0.0000100	-0.0000100	-0.0000100	-0.0000100	-0.0000100	0.0082239	0.0096662	0.0013131	-0.0016610	-0.0086008	-0.0103277	-0.0020347	0.0012914
201.1000000	3225.0000000	0.0000100	0.0000100	0.0000100	0.0000100	-0.0000100	-0.0000100	-0.0000100	-0.0000100	0.0094988	0.0109622	-0.0067160	-0.0102408	-0.0098768	-0.0116122	0.0060146	0.0098672
202.9000000	-3241.0000000	0.0000100	0.0000100	0.0000100	0.0000100	-0.0000100	-0.0000100	-0.0000100	-0.0000100	0.0096013	0.0116002	0.0098206	0.0062296	-0.0099844	-0.0122537	-0.0105317	-0.0066098
204.4000000	-33.4500008	0.0000100	0.0000100	0.0000100	0.0000100	-0.0000100	-0.0000100	-0.0000100	-0.0000100	0.0086870	0.0102311	0.0014243	-0.0017587	-0.0090715	-0.0108725	-0.0021083	0.0013718
205.8500000	3225.0000000	0.0000100	0.0000100	0.0000100	0.0000100	-0.0000100	-0.0000100	-0.0000100	-0.0000100	0.0099621	0.0115318	-0.0066881	-0.0104186	-0.0103466	-0.0121532	0.0060217	0.0100316
207.6500000	-3241.0000000	0.0000100	0.0000100	0.0000100	0.0000100	-0.0000100	-0.0000100	-0.0000100	-0.0000100	0.0100667	0.0121721	0.0100083	0.0062136	-0.0104554	-0.0128065	-0.0106826	-0.0066018
209.1000000	-33.2900009	0.0000100	0.0000100	0.0000100	0.0000100	-0.0000100	-0.0000100	-0.0000100	-0.0000100	0.0091505	0.0108123	0.0015374	-0.0018591	-0.0095534	-0.0114298	-0.0021831	0.0014586
210.6000000	3224.0000000	0.0000100	0.0000100	0.0000100	0.0000100	-0.0000100	-0.0000100	-0.0000100	-0.0000100	0.0104260	0.0120977	-0.0066549	-0.0105933	-0.0108237	-0.0127045	0.0060240	0.0101869
212.3500000	-3240.0000000	0.0000100	0.0000100	0.0000100	0.0000100	-0.0000100	-0.0000100	-0.0000100	-0.0000100	0.0105296	0.0127536	0.0101901	0.0061784	-0.0109379	-0.0133646	-0.0108229	-0.0065934
213.8000000	-33.2599983	0.0000100	0.0000100	0.0000100	0.0000100	-0.0000100	-0.0000100	-0.0000100	-0.0000100	0.0096165	0.0113980	0.0016568	-0.0019648	-0.0100478	-0.0119910	-0.0022508	0.0015388
215.3000000	3223.0000000	0.0000100	0.0000100	0.0000100	0.0000100	-0.0000100	-0.0000100	-0.0000100	-0.0000100	0.0108872	0.0126759	-0.0066022	-0.0107597	-0.0113166	-0.0132507	0.0060269	0.0103266
217.1000000	-3239.0000000	0.0000100	0.0000100	0.0000100	0.0000100	-0.0000100	-0.0000100	-0.0000100	-0.0000100	0.0109834	0.0133346	0.0103805	0.0061470	-0.0114406	-0.0139183	-0.0109362	-0.0065619
218.6000000	-33.2400017	0.0000100	0.0000100	0.0000100	0.0000100	-0.0000100	-0.0000100	-0.0000100	-0.0000100	0.0100759	0.0119837	0.0017929	-0.0020380	-0.0105744	-0.0125606	-0.0022872	0.0016468
220.1000000	3223.0000000	0.0000100	0.0000100	0.0000100	0.0000100	-0.0000100	-0.0000100	-0.0000100	-0.0000100	0.0112925	0.0132451	-0.0064869	-0.0108609	-0.0118528	-0.0138007	0.0060604	0.0104970
221.9500000	-3238.0000000	0.0000100	0.0000100	0.0000100	0.0000100	-0.0000100	-0.0000100	-0.0000100	-0.0000100	0.0114282	0.0139381	0.0105798	0.0061295	-0.0119831	-0.0144832	-0.0110034	-0.0065002
223.4500000	-32.3400002	0.0000100	0.0000100	0.0000100	0.0000100	-0.0000100	-0.0000100	-0.0000100	-0.0000100	0.0105504	0.0125991	0.0019225	-0.0021211	-0.0111070	-0.0131417	-0.0023444	0.0017452
224.9500000	3222.0000000	0.0000100	0.0000100	0.0000100	0.0000100	-0.0000100	-0.0000100	-0.0000100	-0.0000100	0.0117996	0.0138564	-0.0064132	-0.0109868	-0.0123537	-0.0143836	0.0060058	0.0106004
226.7500000	-3239.0000000	0.0000100	0.0000100	0.0000100	0.0000100	-0.0000100	-0.0000100	-0.0000100	-0.0000100	0.0119270	0.0145298	0.0106824	0.0060339	-0.0124776	-0.0150672	-0.0110985	-0.0064236
228.3000000	-32.0499992	0.0000100	0.0000100	0.0000100	0.0000100	-0.0000100	-0.0000100	-0.0000100	-0.0000100	0.0110683	0.0132130	0.0020115	-0.0022354	-0.0116236	-0.0137482	-0.0024334	0.0018280
229.9000000	3222.0000000	0.0000100	0.0000100	0.0000100	0.0000100	-0.0000100	-0.0000100	-0.0000100	-0.0000100	0.0123019	0.0144549	-0.0063043	-0.0110555	-0.0128510	-0.0149691	0.0058898	0.0106498
231.7500000	-3238.0000000	0.0000100	0.0000100	0.0000100	0.0000100	-0.0000100	-0.0000100	-0.0000100	-0.0000100	0.0124255	0.0151053	0.0107132	0.0058999	-0.0129657	-0.0156257	-0.0111192	-0.0062922
233.2500000	-32.0800018	0.0000100	0.0000100	0.0000100	0.0000100	-0.0000100	-0.0000100	-0.0000100	-0.0000100	0.0115603	0.0137919	0.0020931	-0.0023182	-0.0120987	-0.0143019	-0.0025124	0.0019042
234.7500000	3221.0000000	0.0000100	0.0000100	0.0000100	0.0000100	-0.0000100	-0.0000100	-0.0000100	-0.0000100	0.0127554	0.0149812	-0.0061144	-0.0110183	-0.0132870	-0.0154817	0.0056927	0.0105796
236.5500000	-3237.0000000	0.0000100	0.0000100	0.0000100	0.0000100	-0.0000100	-0.0000100	-0.0000100	-0.0000100	0.0128539	0.0155891	0.0106058	0.0056501	-0.0133786	-0.0160830	-0.0109884	-0.0060396
238.0000000	-32.0900002	0.0000100	0.0000100	0.0000100	0.0000100	-0.0000100	-0.0000100	-0.0000100	-0.0000100	0.0119718	0.0142720	0.0021618	-0.0023993	-0.0124801	-0.0147465	-0.0025651	0.0019720
239.5500000	3221.0000000	0.0000100	0.0000100	0.0000100	0.0000100	-0.0000100	-0.0000100	-0.0000100	-0.0000100	0.0131038	0.0153990	-0.0057635	-0.0107731	-0.0136072	-0.0158620	0.0053288	0.0102948
241.3500000	-3236.0000000	0.0000100	0.0000100	0.0000100	0.0000100	-0.0000100	-0.0000100	-0.0000100	-0.0000100	0.0131402	0.0158940	0.0102503	0.0051989	-0.0136332	-0.0163423	-0.0105904	-0.0055762
242.8000000	-32.0600014	0.0000100	0.0000100	0.0000100	0.0000100	-0.0000100	-0.0000100	-0.0000100	-0.0000100	0.0122100	0.0145401	0.0021948	-0.0024405	-0.0126930	-0.0149870	-0.0025910	0.0019948
244.3500000	3220.0000000	0.0000100	0.0000100	0.0000100	0.0000100	-0.0000100	-0.0000100	-0.0000100	-0.0000100	0.0132207	0.0155628	-0.0051390	-0.0101797	-0.0136922	-0.0159863	0.0046780	0.0096411
246.1000000	-3236.0000000	0.0000100	0.0000100	0.0000100	0.0000100	-0.0000100	-0.0000100	-0.0000100	-0.0000100	0.0131402	0.0158506	0.0094690	0.0044121	-0.0136054	-0.0162472	-0.0097688	-0.0047781
247.6500000	-31.6399994	0.0000100	0.0000100	0.0000100	0.0000100	-0.0000100	-0.0000100	-0.0000100	-0.0000100	0.0121324	0.0144466	0.0021719	-0.0024506	-0.0125748	-0.0148332	-0.0025573	0.0019765
249.1500000	3220.0000000	0.0000100	0.0000100	0.0000100	0.0000100	-0.0000100	-0.0000100	-0.0000100	-0.0000100	0.0129496	0.0152833	-0.0041083	-0.0090593	-0.0133627	-0.0156474	0.0036144	0.0084442
250.9000000	-3235.0000000	0.0000100	0.0000100	0.0000100	0.0000100	-0.0000100	-0.0000100	-0.0000100	-0.0000100	0.0126660	0.0152405	0.0081088	0.0031924	-0.0130740	-0.0155534	-0.0083394	-0.0035298
252.4500000	-33.2000008	0.0000100	0.0000100	0.0000100	0.0000100	-0.0000100	-0.0000100	-0.0000100	-0.0000100	0.0115442	0.0137606	0.0020706	-0.0023757	-0.0119386	-0.0140892	-0.0024430	0.0018773
253.9500000	3219.0000000	0.0000100	0.0000100	0.0000100	0.0000100	-0.0000100	-0.0000100	-0.0000100	-0.0000100	0.0120868	0.0143238	-0.0026763	-0.0073528	-0.0124337	-0.0146171	0.0021561	0.0066481
255.7000000	-3235.0000000	0.0000100	0.0000100	0.0000100	0.0000100	-0.0000100	-0.0000100	-0.0000100	-0.0000100	0.0115688	0.0138990	0.0062092	0.0016418	-0.0119152	-0.0141186	-0.0063892	-0.0019868
257.2000000	-31.6900005	0.0000100	0.0000100	0.0000100	0.0000100	-0.0000100	-0.0000100	-0.0000100	-0.0000100	0.0103710	0.0123845	0.0018561	-0.0022093	-0.0107081	-0.0126353	-0.0022120	0.0016770
258.7500000	3218.0000000	0.0000100	0.0000100	0.0000100	0.0000100	-0.0000100	-0.0000100	-0.0000100	-0.0000100	0.0105905	0.0126044	-0.0011261	-0.0052802	-0.0108836	-0.0128408	0.0006157	0.0045596
260.5000000	-3235.0000000	0.0000100	0.0000100	0.0000100	0.0000100	-0.0000100	-0.0000100	-0.0000100	-0.0000100	0.0098910	0.0118684	0.0041240	0.0001608	-0.0102129	-0.0120477	-0.0043201	-0.0005504
262.0000000	-31.4599991	0.0000100	0.0000100	0.0000100	0.0000100	-0.0000100	-0.0000100	-0.0000100	-0.0000100	0.0087236	0.0104332	0.0015335	-0.0019348	-0.0090356	-0.0106520	-0.0018862	0.0013921
263.5000000	3218.0000000	0.0000100	0.0000100	0.0000100	0.0000100	-0.0000100	-0.0000100	-0.0000100	-0.0000100	0.0086922	0.0103811	0.0000847	-0.0033675	-0.0089797	-0.0106197	-0.0005393	0.0027056
265.3000000	-3233.0000000	0.0000100	0.0000100	0.0000100	0.0000100	-0.0000100	-0.0000100	-0.0000100	-0.0000100	0.0079461	0.0095281	0.0023569	-0.0008519	-0.0082684	-0.0097193	-0.0026123	0.0004063
266.7000000	-33.3100014	0.0000100	0.0000100	0.0000100	0.0000100	-0.0000100	-0.0000100	-0.0000100	-0.0000100	0.0069736	0.0083284	0.0011814	-0.0015983	-0.0072452	-0.0085177	-0.0015317	0.0010592
268.3000000	3217.0000000	0.0000100	0.0000100	0.0000100	0.0000100	-0.0000100	-0.0000100	-0.0000100	-0.0000100	0.0067918	0.0081154	0.0007351	-0.0019732	-0.0070895	-0.0083725	-0.0011470	0.0013740
270.1000000	-3233.0000000	0.0000100	0.0000100	0.0000100	0.0000100	-0.0000100	-0.0000100	-0.0000100	-0.0000100	0.0061269	0.0073261	0.0011594	-0.0012970	-0.0064572	-0.0075568	-0.0014800	0.0008226
271.6000000	-33.0600014	0.0000100	0.0000100	0.0000100	0.0000100	-0.0000100	-0.0000100	-0.0000100	-0.0000100	0.0053237	0.0063547	0.0008437	-0.0012770	-0.0056628	-0.0066358	-0.0012223	0.0007545
273.1000000	3217.0000000	0.0000100	0.0000100	0.0000100	0.0000100	-0.0000100	-0.0000100	-0.0000100	-0.0000100	0.0051439	0.0061428	0.0009180	-0.0011213	-0.0054757	-0.0064425	-0.0013202	0.0005791
274.9000000	-3233.0000000	0.0000100	0.0000100	0.0000100	0.0000100	-0.0000100	-0.0000100	-0.0000100	-0.0000100	0.0046156	0.0055008	0.0004639	-0.0013675	-0.0049649	-0.0057901	-0.0008313	0.0008810
276.4000000	-33.0699997	0.0000100	0.0000100	0.0000100	0.0000100	-0.0000100	-0.0000100	-0.0000100	-0.0000100	0.0040050	0.0047775	0.0005743	-0.0010117	-0.0043726	-0.0051013	-0.0009614	0.0005183
277.9000000	3217.0000000	0.0000100	0.0000100	0.0000100	0.0000100	-0.0000100	-0.0000100	-0.0000100	-0.0000100	0.0038430	0.0045876	0.0008691	-0.0006482	-0.0042019	-0.0049148	-0.0012559	0.0001532
279.7500000	-3232.0000000	0.0000100	0.0000100	0.0000100	0.0000100	-0.0000100	-0.0000100	-0.0000100	-0.0000100	0.0034326	0.0040825	0.0000951	-0.0012555	-0.0038112	-0.0044201	-0.0004911	0.0007755
281.3000000	-33.0999985	0.0000100	0.0000100	0.0000100	0.0000100	-0.0000100	-0.0000100	-0.0000100	-0.0000100	0.0029787	0.0035481	0.0003692	-0.0008073	-0.0033759	-0.0039151	-0.0007609	0.0003276
282.8000000	3217.0000000	0.0000100	0.0000100	0.0000100	0.0000100	-0.0000100	-0.0000100	-0.0000100	-0.0000100	0.0028396	0.0033913	0.0007155	-0.0004076	-0.0032376	-0.0037601	-0.0011064	-0.0000690
284.5500000	-3231.0000000	0.0000100	0.0000100	0.0000100	0.0000100	-0.0000100	-0.0000100	-0.0000100	-0.0000100	0.0025451	0.0030278	-0.0000887	-0.0010879	-0.0029524	-0.0034096	-0.0003191	0.0006143
285.8000000	-32.6399994	0.0000100	0.0000100	0.0000100	0.0000100	-0.0000100	-0.0000100	-0.0000100	-0.0000100	0.0022509	0.0026903	0.0002264	-0.0006683	-0.0026813	-0.0030938	-0.0006361	0.0001931
286.9500000	3216.0000000	0.0000100	0.0000100	0.0000100	0.0000100	-0.0000100	-0.0000100	-0.0000100	-0.0000100	0.0021936	0.0026244	0.0005666	-0.0003074	-0.0026213	-0.0030324	-0.0009705	-0.0001637
288.4000000	-3231.0000000	0.0000100	0.0000100	0.0000100	0.0000100	-0.0000100	-0.0000100	-0.0000100	-0.0000100	0.0020081	0.0023827	-0.0001656	-0.0009598	-0.0024285	-0.0027952	-0.0002542	0.0004836
289.5500000	-33.1199989	0.0000100	0.0000100	0.0000100	0.0000100	-0.0000100	-0.0000100	-0.0000100	-0.0000100	0.0018702	0.0022425	0.0001487	-0.0005827	-0.0022855	-0.0026186	-0.0005610	0.0001297
291.0000000	3215.0000000	0.0000100	0.0000100	0.0000100	0.0000100	-0.0000100	-0.0000100	-0.0000100	-0.0000100	0.0017221	0.0020562	0.0004388	-0.0002455	-0.0021478	-0.0024702	-0.0008438	-0.0002099
292.7500000	-3231.0000000	0.0000100	0.0000100	0.0000100	0.0000100	-0.0000100	-0.0000100	-0.0000100	-0.0000100	0.0015393	0.0018274	-0.0002117	-0.0008280	-0.0019698	-0.0022561	-0.0002215	0.0003518
294.2500000	-32.7099991	0.0000100	0.0000100	0.0000100	0.0000100	-0.0000100	-0.0000100	-0.0000100	-0.0000100	0.0013491	0.0016126	0.0000499	-0.0004984	-0.0017857	-0.0020419	-0.0004738	0.0000312
295.7500000	3215.0000000	0.0000100	0.0000100	0.0000100	0.0000100	-0.0000100	-0.0000100	-0.0000100	-0.0000100	0.0012806	0.0015404	0.0003098	-0.0002147	-0.0017228	-0.0019697	-0.0007174	-0.0002301
297.5000000	-3230.0000000	0.0000100	0.0000100	0.0000100	0.0000100	-0.0000100	-0.0000100	-0.0000100	-0.0000100	0.0011503	0.0013687	-0.0002343	-0.0007008	-0.0015862	-0.0018099	-0.0001953	0.0002415
299.0000000	-33.1199989	0.0000100	0.0000100	0.0000100	0.0000100	-0.0000100	-0.0000100	-0.0000100	-0.0000100	0.0010018	0.0012048	-0.0000098	-0.0004305	-0.0014528	-0.0016523	-0.0004151	-0.0000253
300.4500000	3215.0000000	0.0000100	0.0000100	0.0000100	0.0000100	-0.0000100	-0.0000100	-0.0000100	-0.0000100	0.0009470	0.0011457	0.0002018	-0.0002017	-0.0014074	-0.0015911	-0.0006152	-0.0002443
302.2500000	-3230.0000000	0.0000100	0.0000100	0.0000100	0.0000100	-0.0000100	-0.0000100	-0.0000100	-0.0000100	0.0008493	0.0010139	-0.0002410	-0.0006012	-0.0013002	-0.0014733	-0.0001970	0.0001497
303.8000000	-33.0999985	0.0000100	0.0000100	0.0000100	0.0000100	-0.0000100	-0.0000100	-0.0000100	-0.0000100	0.0007464	0.0008964	-0.0000585	-0.0003812	-0.0012008	-0.0013567	-0.0003688	-0.0000619
305.2500000	3214.0000000	0.0000100	0.0000100	0.0000100	0.0000100	-0.0000100	-0.0000100	-0.0000100	-0.0000100	0.0006995	0.0008518	0.0001164	-0.0001973	-0.0011643	-0.0013073	-0.0005312	-0.0002399
307.0000000	-3230.0000000	0.0000100	0.0000100	0.0000100	0.0000100	-0.0000100	-0.0000100	-0.0000100	-0.0000100	0.0006280	0.0007544	-0.0002431	-0.0005211	-0.0010834	-0.0012237	-0.0001962	0.0000782
308.5000000	-33.0600014	0.0000100	0.0000100	0.0000100	0.0000100	-0.0000100	-0.0000100	-0.0000100	-0.0000100	0.0005413	0.0006620	-0.0000923	-0.0003407	-0.0010055	-0.0011330	-0.0003394	-0.0000952
310.0000000	3213.0000000	0.0000100	0.0000100	0.0000100	0.0000100	-0.0000100	-0.0000100	-0.0000100	-0.0000100	0.0005010	0.0006204	0.0000473	-0.0001883	-0.0009799	-0.0010946	-0.0004684	-0.0002326
311.7500000	-3229.0000000	0.0000100	0.0000100	0.0000100	0.0000100	-0.0000100	-0.0000100	-0.0000100	-0.0000100	0.0004442	0.0005420	-0.0002465	-0.0004597	-0.0009133	-0.0010293	-0.0001971	0.0000168
313.2000000	-33.0999985	0.0000100	0.0000100	0.0000100	0.0000100	-0.0000100	-0.0000100	-0.0000100	-0.0000100	0.0003845	0.0004757	-0.0001210	-0.0003126	-0.0008534	-0.0009570	-0.0003147	-0.0001146
314.7000000	3213.0000000	0.0000100	0.0000100	0.0000100	0.0000100	-0.0000100	-0.0000100	-0.0000100	-0.0000100	0.0003539	0.0004472	-0.0000032	-0.0001860	-0.0008373	-0.0009278	-0.0004189	-0.0002294
316.2500000	-3228.0000000	0.0000100	0.0000100	0.0000100	0.0000100	-0.0000100	-0.0000100	-0.0000100	-0.0000100	0.0003176	0.0003927	-0.0002394	-0.0004071	-0.0007856	-0.0008805	-0.0002005	-0.0000240
317.2000000	-33.1599998	0.0000100	0.0000100	0.0000100	0.0000100	-0.0000100	-0.0000100	-0.0000100	-0.0000100	0.0002845	0.0003640	-0.0001352	-0.0002963	-0.0007549	-0.0008377	-0.0002954	-0.0001353
318.2000000	3213.0000000	0.0000100	0.0000100	0.0000100	0.0000100	-0.0000100	-0.0000100	-0.0000100	-0.0000100	0.0002679	0.0003479	-0.0000326	-0.0001933	-0.0007458	-0.0008248	-0.0003873	-0.0002308
319.3500000	-3228.0000000	0.0000100	0.0000100	0.0000100	0.0000100	-0.0000100	-0.0000100	-0.0000100	-0.0000100	0.0002483	0.0003133	-0.0002346	-0.0003883	-0.0007128	-0.0007960	-0.0001988	-0.0000499
320.1000000	-33.0900002	0.0000100	0.0000100	0.0000100	0.0000100	-0.0000100	-0.0000100	-0.0000100	-0.0000100	0.0002182	0.0002859	-0.0001446	-0.0002865	-0.0006882	-0.0007629	-0.0002838	-0.0001469
320.8000000	3212.0000000	0.0000100	0.0000100	0.0000100	0.0000100	-0.0000100	-0.0000100	-0.0000100	-0.0000100	0.0002116	0.0002824	-0.0000554	-0.0001977	-0.0006885	-0.0007598	-0.0003677	-0.0002312
321.5500000	-3228.0000000	0.0000100	0.0000100	0.0000100	0.0000100	-0.0000100	-0.0000100	-0.0000100	-0.0000100	0.0002024	0.0002611	-0.0002356	-0.0003716	-0.0006726	-0.0007457	-0.0002001	-0.0000696
322.0500000	-33.1699982	0.0000100	0.0000100	0.0000100	0.0000100	-0.0000100	-0.0000100	-0.0000100	-0.0000100	0.0001819	0.0002439	-0.0001482	-0.0002880	-0.0006533	-0.0007210	-0.0002793	-0.0001594
322.5000000	3211.0000000	0.0000100	0.0000100	0.0000100	0.0000100	-0.0000100	-0.0000100	-0.0000100	-0.0000100	0.0001796	0.0002463	-0.0000642	-0.0002023	-0.0006561	-0.0007228	-0.0003584	-0.0002340
323.0000000	-3227.0000000	0.0000100	0.0000100	0.0000100	0.0000100	-0.0000100	-0.0000100	-0.0000100	-0.0000100	0.0001746	0.0002314	-0.0002297	-0.0003641	-0.0006410	-0.0007076	-0.0002011	-0.0000779
323.4500000	-32.8600006	0.0000100	0.0000100	0.0000100	0.0000100	-0.0000100	-0.0000100	-0.0000100	-0.0000100	0.0001593	0.0002168	-0.0001534	-0.0002861	-0.0006294	-0.0006893	-0.0002709	-0.0001597
323.8000000	3211.0000000	0.0000100	0.0000100	0.0000100	0.0000100	-0.0000100	-0.0000100	-0.0000100	-0.0000100	0.0001607	0.0002236	-0.0000730	-0.0002009	-0.0006289	-0.0006908	-0.0003440	-0.0002300
324.2000000	-3226.0000000	0.0000100	0.0000100	0.0000100	0.0000100	-0.0000100	-0.0000100	-0.0000100	-0.0000100	0.0001513	0.0002100	-0.0002313	-0.0003559	-0.0006184	-0.0006822	-0.0002026	-0.0000872
324.6000000	-33.0099983	0.0000100	0.0000100	0.0000100	0.0000100	-0.0000100	-0.0000100	-0.0000100	-0.0000100	0.0001378	0.0001949	-0.0001577	-0.0002807	-0.0006121	-0.0006680	-0.0002703	-0.0001600
324.9000000	3211.0000000	0.0000100	0.0000100	0.0000100	0.0000100	-0.0000100	-0.0000100	-0.0000100	-0.0000100	0.0001430	0.0002006	-0.0000799	-0.0002013	-0.0006145	-0.0006701	-0.0003408	-0.0002312
325.2500000	-3226.0000000	0.0000100	0.0000100	0.0000100	0.0000100	-0.0000100	-0.0000100	-0.0000100	-0.0000100	0.0001382	0.0001893	-0.0002277	-0.0003486	-0.0006029	-0.0006664	-0.0002016	-0.0000940
325.6000000	-32.9900017	0.0000100	0.0000100	0.0000100	0.0000100	-0.0000100	-0.0000100	-0.0000100	-0.0000100	0.0001220	0.0001766	-0.0001578	-0.0002773	-0.0005945	-0.0006514	-0.0002655	-0.0001655
325.9000000	3210.0000000	0.0000100	0.0000100	0.0000100	0.0000100	-0.0000100	-0.0000100	-0.0000100	-0.0000100	0.0001239	0.0001844	-0.0000839	-0.0001990	-0.0005954	-0.0006536	-0.0003353	-0.0002308
326.3000000	-3226.0000000	0.0000100	0.0000100	0.0000100	0.0000100	-0.0000100	-0.0000100	-0.0000100	-0.0000100	0.0001230	0.0001653	-0.0002330	-0.0003424	-0.0005909	-0.0006486	-0.0002053	-0.0000961
327.0000000	-33.0099983	0.0000100	0.0000100	0.0000100	0.0000100	-0.0000100	-0.0000100	-0.0000100	-0.0000100	0.0001057	0.0001510	-0.0001617	-0.0002610	-0.0005761	-0.0006374	-0.0002678	-0.0001487
328.7500000	3210.0000000	0.0000100	0.0000100	0.0000100	0.0000100	-0.0000100	-0.0000100	-0.0000100	-0.0000100	0.0000699	0.0001122	-0.0001076	-0.0001716	-0.0005734	-0.0006298	-0.0003249	-0.0001905
331.9500000	-3226.0000000	0.0000100	0.0000100	0.0000100	0.0000100	-0.0000100	-0.0000100	-0.0000100	-0.0000100	0.0000386	0.0000551	-0.0002489	-0.0002743	-0.0005338	-0.0005990	-0.0002272	-0.0000808
335.0500000	-33.0400009	0.0000100	0.0000100	0.0000100	0.0000100	-0.0000100	-0.0000100	-0.0000100	-0.0000100	-0.0000102	0.0000055	-0.0001879	-0.0002008	-0.0005050	-0.0005600	-0.0002645	-0.0001301
338.3000000	3209.0000000	0.0000100	0.0000100	0.0000100	0.0000100	-0.0000100	-0.0000100	-0.0000100	-0.0000100	-0.0000560	-0.0000320	-0.0001465	-0.0001415	-0.0004929	-0.0005387	-0.0002956	-0.0001592
