Fri, Apr 04, 2025
2:15:26 PM

Temperature (K)	B-Field (Gauss)	sample I AB	sample I AD	sample I AC	sample I BD	sample I -AB	sample I -AD	sample I -AC	sample I -BD	Voltage DC	Voltage BC	Voltage BD	Voltage AC	Voltage -DC	Voltage -BC	Voltage -BD	Voltage -AC	
95.8950000	-3903.0000000	0.0000100	0.0000100	0.0000100	0.0000100	-0.0000100	-0.0000100	-0.0000100	-0.0000100	-0.0024047	0.0028003	0.0079845	0.0074551	-0.0024225	-0.0036065	-0.0095310	-0.0081661
97.1750000	-30.0000000	0.0000100	0.0000100	0.0000100	0.0000100	-0.0000100	-0.0000100	-0.0000100	-0.0000100	0.0017994	0.0017240	-0.0003032	-0.0006112	-0.0017488	-0.0024550	-0.0010747	-0.0001369
98.4450000	3894.0000000	0.0000100	0.0000100	0.0000100	0.0000100	-0.0000100	-0.0000100	-0.0000100	-0.0000100	0.0027300	0.0025913	-0.0084635	-0.0091705	-0.0026061	-0.0032866	0.0070596	0.0083651
100.1050000	-3911.0000000	0.0000100	0.0000100	0.0000100	0.0000100	-0.0000100	-0.0000100	-0.0000100	-0.0000100	0.0027272	0.0030226	0.0080969	0.0074686	-0.0026049	-0.0038283	-0.0096091	-0.0081732
101.4000000	-30.7800007	0.0000100	0.0000100	0.0000100	0.0000100	-0.0000100	-0.0000100	-0.0000100	-0.0000100	0.0019454	0.0018974	-0.0002648	-0.0006251	-0.0018958	-0.0026203	-0.0010910	-0.0001070
102.6400000	3894.0000000	0.0000100	0.0000100	0.0000100	0.0000100	-0.0000100	-0.0000100	-0.0000100	-0.0000100	0.0029064	0.0028070	-0.0084500	-0.0092216	-0.0028010	-0.0035004	0.0070650	0.0084366
104.3400000	-3911.0000000	0.0000100	0.0000100	0.0000100	0.0000100	-0.0000100	-0.0000100	-0.0000100	-0.0000100	0.0029098	0.0032555	0.0081777	0.0074713	-0.0027991	-0.0040469	-0.0096548	-0.0081579
105.7250000	-30.8899994	0.0000100	0.0000100	0.0000100	0.0000100	-0.0000100	-0.0000100	-0.0000100	-0.0000100	0.0021003	0.0020889	-0.0002259	-0.0006444	-0.0020559	-0.0028070	-0.0011123	-0.0000706
107.0500000	3893.0000000	0.0000100	0.0000100	0.0000100	0.0000100	-0.0000100	-0.0000100	-0.0000100	-0.0000100	0.0031048	0.0030450	-0.0084301	-0.0092777	-0.0030042	-0.0037341	0.0070745	0.0085160
108.6000000	-3910.0000000	0.0000100	0.0000100	0.0000100	0.0000100	-0.0000100	-0.0000100	-0.0000100	-0.0000100	0.0031080	0.0035002	0.0082549	0.0074679	-0.0030093	-0.0042862	-0.0097121	-0.0081533
109.8400000	-30.7700005	0.0000100	0.0000100	0.0000100	0.0000100	-0.0000100	-0.0000100	-0.0000100	-0.0000100	0.0022638	0.0022827	-0.0001919	-0.0006756	-0.0022267	-0.0030074	-0.0011397	-0.0000430
111.2200000	3892.0000000	0.0000100	0.0000100	0.0000100	0.0000100	-0.0000100	-0.0000100	-0.0000100	-0.0000100	0.0033004	0.0032821	-0.0084199	-0.0093419	-0.0032168	-0.0039771	0.0070750	0.0085880
112.8600000	-3907.0000000	0.0000100	0.0000100	0.0000100	0.0000100	-0.0000100	-0.0000100	-0.0000100	-0.0000100	0.0033101	0.0037575	0.0083432	0.0074605	-0.0032305	-0.0045367	-0.0097702	-0.0081428
114.2950000	-30.8899994	0.0000100	0.0000100	0.0000100	0.0000100	-0.0000100	-0.0000100	-0.0000100	-0.0000100	0.0024455	0.0025037	-0.0001470	-0.0007040	-0.0024155	-0.0032244	-0.0011679	-0.0000112
115.6000000	3890.0000000	0.0000100	0.0000100	0.0000100	0.0000100	-0.0000100	-0.0000100	-0.0000100	-0.0000100	0.0035224	0.0035448	-0.0084031	-0.0094117	-0.0034487	-0.0042409	0.0070715	0.0086617
117.1550000	-3906.0000000	0.0000100	0.0000100	0.0000100	0.0000100	-0.0000100	-0.0000100	-0.0000100	-0.0000100	0.0035318	0.0040255	0.0084219	0.0074534	-0.0034567	-0.0048011	-0.0098281	-0.0081338
118.5900000	-30.8299999	0.0000100	0.0000100	0.0000100	0.0000100	-0.0000100	-0.0000100	-0.0000100	-0.0000100	0.0026355	0.0027323	-0.0001087	-0.0007332	-0.0026072	-0.0034450	-0.0011909	0.0000313
119.9500000	3889.0000000	0.0000100	0.0000100	0.0000100	0.0000100	-0.0000100	-0.0000100	-0.0000100	-0.0000100	0.0037511	0.0038201	-0.0083825	-0.0094807	-0.0036823	-0.0045136	0.0070722	0.0087475
121.5200000	-3905.0000000	0.0000100	0.0000100	0.0000100	0.0000100	-0.0000100	-0.0000100	-0.0000100	-0.0000100	0.0037700	0.0043173	0.0085174	0.0074494	-0.0036948	-0.0050764	-0.0098955	-0.0081153
122.8250000	-30.8799992	0.0000100	0.0000100	0.0000100	0.0000100	-0.0000100	-0.0000100	-0.0000100	-0.0000100	0.0028397	0.0029750	-0.0000668	-0.0007678	-0.0028113	-0.0036853	-0.0012264	0.0000691
124.0850000	3888.0000000	0.0000100	0.0000100	0.0000100	0.0000100	-0.0000100	-0.0000100	-0.0000100	-0.0000100	0.0039807	0.0040910	-0.0083621	-0.0095527	-0.0039188	-0.0047856	0.0070701	0.0088278
125.6400000	-3904.0000000	0.0000100	0.0000100	0.0000100	0.0000100	-0.0000100	-0.0000100	-0.0000100	-0.0000100	0.0039957	0.0045986	0.0085946	0.0074355	-0.0039357	-0.0053548	-0.0099648	-0.0081088
127.0700000	-31.3899994	0.0000100	0.0000100	0.0000100	0.0000100	-0.0000100	-0.0000100	-0.0000100	-0.0000100	0.0030390	0.0032179	-0.0000221	-0.0008057	-0.0030265	-0.0039371	-0.0012608	0.0001078
128.4350000	3887.0000000	0.0000100	0.0000100	0.0000100	0.0000100	-0.0000100	-0.0000100	-0.0000100	-0.0000100	0.0042242	0.0043919	-0.0083476	-0.0096358	-0.0041830	-0.0050854	0.0070606	0.0089114
130.0650000	-3902.0000000	0.0000100	0.0000100	0.0000100	0.0000100	-0.0000100	-0.0000100	-0.0000100	-0.0000100	0.0042520	0.0049075	0.0086871	0.0074192	-0.0042035	-0.0056636	-0.0100391	-0.0080907
131.4800000	-30.7299995	0.0000100	0.0000100	0.0000100	0.0000100	-0.0000100	-0.0000100	-0.0000100	-0.0000100	0.0032654	0.0034944	0.0000329	-0.0008429	-0.0032653	-0.0042105	-0.0012964	0.0001548
132.8900000	3885.0000000	0.0000100	0.0000100	0.0000100	0.0000100	-0.0000100	-0.0000100	-0.0000100	-0.0000100	0.0044831	0.0047085	-0.0083231	-0.0097159	-0.0044547	-0.0054063	0.0070569	0.0090042
134.4350000	-3901.0000000	0.0000100	0.0000100	0.0000100	0.0000100	-0.0000100	-0.0000100	-0.0000100	-0.0000100	0.0045007	0.0052271	0.0087854	0.0074097	-0.0044804	-0.0059839	-0.0101161	-0.0080763
135.8750000	-30.9599991	0.0000100	0.0000100	0.0000100	0.0000100	-0.0000100	-0.0000100	-0.0000100	-0.0000100	0.0035051	0.0037858	0.0000843	-0.0008894	-0.0035146	-0.0045027	-0.0013434	0.0002022
137.1350000	3884.0000000	0.0000100	0.0000100	0.0000100	0.0000100	-0.0000100	-0.0000100	-0.0000100	-0.0000100	0.0047489	0.0050246	-0.0083031	-0.0098035	-0.0047271	-0.0057232	0.0070494	0.0090963
89.5300000	-3899.0000000	0.0000100	0.0000100	0.0000100	0.0000100	-0.0000100	-0.0000100	-0.0000100	-0.0000100	0.0047712	0.0055582	0.0088859	0.0073989	-0.0047538	-0.0063060	-0.0101993	-0.0080636
140.0150000	-30.9200001	0.0000100	0.0000100	0.0000100	0.0000100	-0.0000100	-0.0000100	-0.0000100	-0.0000100	0.0037435	0.0040735	0.0001380	-0.0009245	-0.0037509	-0.0047825	-0.0013771	0.0002529
141.3950000	3882.0000000	0.0000100	0.0000100	0.0000100	0.0000100	-0.0000100	-0.0000100	-0.0000100	-0.0000100	0.0050179	0.0053578	-0.0082781	-0.0098873	-0.0050119	-0.0060490	0.0070460	0.0091980
142.9950000	-3898.0000000	0.0000100	0.0000100	0.0000100	0.0000100	-0.0000100	-0.0000100	-0.0000100	-0.0000100	0.0050503	0.0059050	0.0090023	0.0073932	-0.0050443	-0.0066428	-0.0102842	-0.0080436
144.2800000	-30.9300003	0.0000100	0.0000100	0.0000100	0.0000100	-0.0000100	-0.0000100	-0.0000100	-0.0000100	0.0040004	0.0043880	0.0002028	-0.0009689	-0.0040193	-0.0050883	-0.0014136	0.0003089
145.7250000	3881.0000000	0.0000100	0.0000100	0.0000100	0.0000100	-0.0000100	-0.0000100	-0.0000100	-0.0000100	0.0053044	0.0057116	-0.0082588	-0.0099864	-0.0053138	-0.0064010	0.0070395	0.0093063
147.2750000	-3897.0000000	0.0000100	0.0000100	0.0000100	0.0000100	-0.0000100	-0.0000100	-0.0000100	-0.0000100	0.0053399	0.0062626	0.0091123	0.0073829	-0.0053489	-0.0069978	-0.0103810	-0.0080310
148.5650000	-30.9300003	0.0000100	0.0000100	0.0000100	0.0000100	-0.0000100	-0.0000100	-0.0000100	-0.0000100	0.0042697	0.0047155	0.0002538	-0.0010209	-0.0042974	-0.0054246	-0.0014712	0.0003581
149.8500000	3879.0000000	0.0000100	0.0000100	0.0000100	0.0000100	-0.0000100	-0.0000100	-0.0000100	-0.0000100	0.0055918	0.0060528	-0.0082441	-0.0100851	-0.0056150	-0.0067513	0.0070359	0.0094161
151.4250000	-3895.0000000	0.0000100	0.0000100	0.0000100	0.0000100	-0.0000100	-0.0000100	-0.0000100	-0.0000100	0.0056298	0.0066203	0.0092238	0.0073781	-0.0056455	-0.0073499	-0.0104735	-0.0080154
152.8350000	-30.8999996	0.0000100	0.0000100	0.0000100	0.0000100	-0.0000100	-0.0000100	-0.0000100	-0.0000100	0.0045532	0.0050600	0.0003185	-0.0010733	-0.0045905	-0.0057647	-0.0015207	0.0004158
154.1150000	3879.0000000	0.0000100	0.0000100	0.0000100	0.0000100	-0.0000100	-0.0000100	-0.0000100	-0.0000100	0.0058994	0.0064258	-0.0082274	-0.0101964	-0.0059266	-0.0071134	0.0070388	0.0095284
155.8500000	-3894.0000000	0.0000100	0.0000100	0.0000100	0.0000100	-0.0000100	-0.0000100	-0.0000100	-0.0000100	0.0059315	0.0070064	0.0093597	0.0073632	-0.0059741	-0.0077255	-0.0105706	-0.0080102
157.0800000	-30.8299999	0.0000100	0.0000100	0.0000100	0.0000100	-0.0000100	-0.0000100	-0.0000100	-0.0000100	0.0048397	0.0054104	0.0003744	-0.0011351	-0.0048655	-0.0060920	-0.0015631	0.0004628
158.2600000	3878.0000000	0.0000100	0.0000100	0.0000100	0.0000100	-0.0000100	-0.0000100	-0.0000100	-0.0000100	0.0061748	0.0067799	-0.0081926	-0.0103108	-0.0062353	-0.0074521	0.0070548	0.0096229
160.0000000	-3892.0000000	0.0000100	0.0000100	0.0000100	0.0000100	-0.0000100	-0.0000100	-0.0000100	-0.0000100	0.0062055	0.0073651	0.0094931	0.0073399	-0.0062851	-0.0080650	-0.0106460	-0.0080165
161.3500000	-30.8600006	0.0000100	0.0000100	0.0000100	0.0000100	-0.0000100	-0.0000100	-0.0000100	-0.0000100	0.0050849	0.0057478	0.0004866	-0.0012011	-0.0051899	-0.0064169	-0.0015688	0.0005029
162.7100000	3873.0000000	0.0000100	0.0000100	0.0000100	0.0000100	-0.0000100	-0.0000100	-0.0000100	-0.0000100	0.0064563	0.0071652	-0.0081361	-0.0104418	-0.0065804	-0.0078130	0.0070968	0.0097244
164.2700000	-3891.0000000	0.0000100	0.0000100	0.0000100	0.0000100	-0.0000100	-0.0000100	-0.0000100	-0.0000100	0.0064778	0.0077455	0.0096613	0.0073139	-0.0066256	-0.0084235	-0.0107127	-0.0080292
165.6350000	-30.7700005	0.0000100	0.0000100	0.0000100	0.0000100	-0.0000100	-0.0000100	-0.0000100	-0.0000100	0.0053391	0.0061108	0.0005907	-0.0012717	-0.0055147	-0.0067562	-0.0015812	0.0005510
166.9050000	3875.0000000	0.0000100	0.0000100	0.0000100	0.0000100	-0.0000100	-0.0000100	-0.0000100	-0.0000100	0.0067337	0.0075379	-0.0080904	-0.0105621	-0.0069273	-0.0081796	0.0071310	0.0098465
168.6100000	-3889.0000000	0.0000100	0.0000100	0.0000100	0.0000100	-0.0000100	-0.0000100	-0.0000100	-0.0000100	0.0067625	0.0081306	0.0098174	0.0073302	-0.0069918	-0.0088153	-0.0107930	-0.0079901
169.9950000	-30.7199993	0.0000100	0.0000100	0.0000100	0.0000100	-0.0000100	-0.0000100	-0.0000100	-0.0000100	0.0056045	0.0064761	0.0006937	-0.0012940	-0.0058900	-0.0071574	-0.0016101	0.0006564
171.3150000	3873.0000000	0.0000100	0.0000100	0.0000100	0.0000100	-0.0000100	-0.0000100	-0.0000100	-0.0000100	0.0070168	0.0079225	-0.0080544	-0.0106453	-0.0073216	-0.0086145	0.0071517	0.0100263
172.9100000	-3889.0000000	0.0000100	0.0000100	0.0000100	0.0000100	-0.0000100	-0.0000100	-0.0000100	-0.0000100	0.0070426	0.0085186	0.0099805	0.0073642	-0.0073877	-0.0092589	-0.0109012	-0.0079522
174.3100000	-30.7299995	0.0000100	0.0000100	0.0000100	0.0000100	-0.0000100	-0.0000100	-0.0000100	-0.0000100	0.0059058	0.0068642	0.0007774	-0.0013337	-0.0062619	-0.0075793	-0.0016600	0.0007514
175.5950000	3873.0000000	0.0000100	0.0000100	0.0000100	0.0000100	-0.0000100	-0.0000100	-0.0000100	-0.0000100	0.0073535	0.0083421	-0.0080313	-0.0107634	-0.0076988	-0.0090439	0.0071664	0.0101818
177.1250000	-3888.0000000	0.0000100	0.0000100	0.0000100	0.0000100	-0.0000100	-0.0000100	-0.0000100	-0.0000100	0.0073924	0.0089606	0.0101362	0.0073635	-0.0077585	-0.0096923	-0.0110321	-0.0079398
178.5000000	-30.7500000	0.0000100	0.0000100	0.0000100	0.0000100	-0.0000100	-0.0000100	-0.0000100	-0.0000100	0.0062510	0.0072875	0.0008562	-0.0013981	-0.0066105	-0.0079971	-0.0017201	0.0008208
179.8100000	3871.0000000	0.0000100	0.0000100	0.0000100	0.0000100	-0.0000100	-0.0000100	-0.0000100	-0.0000100	0.0077105	0.0087781	-0.0080201	-0.0109097	-0.0080701	-0.0094794	0.0071688	0.0103227
181.4300000	-3886.0000000	0.0000100	0.0000100	0.0000100	0.0000100	-0.0000100	-0.0000100	-0.0000100	-0.0000100	0.0077571	0.0094159	0.0102937	0.0073601	-0.0081349	-0.0101391	-0.0111669	-0.0079405
182.8500000	-30.6599998	0.0000100	0.0000100	0.0000100	0.0000100	-0.0000100	-0.0000100	-0.0000100	-0.0000100	0.0066226	0.0077338	0.0009353	-0.0014786	-0.0069937	-0.0084436	-0.0017907	0.0008887
184.2400000	3870.0000000	0.0000100	0.0000100	0.0000100	0.0000100	-0.0000100	-0.0000100	-0.0000100	-0.0000100	0.0081025	0.0092569	-0.0080086	-0.0110683	-0.0084745	-0.0099554	0.0071692	0.0104815
185.8750000	-3886.0000000	0.0000100	0.0000100	0.0000100	0.0000100	-0.0000100	-0.0000100	-0.0000100	-0.0000100	0.0081570	0.0099053	0.0104578	0.0073522	-0.0085366	-0.0106231	-0.0113231	-0.0079341
187.1950000	-30.6499996	0.0000100	0.0000100	0.0000100	0.0000100	-0.0000100	-0.0000100	-0.0000100	-0.0000100	0.0070045	0.0082025	0.0010222	-0.0015530	-0.0073769	-0.0089016	-0.0018595	0.0009625
188.5750000	3869.0000000	0.0000100	0.0000100	0.0000100	0.0000100	-0.0000100	-0.0000100	-0.0000100	-0.0000100	0.0084959	0.0097353	-0.0079956	-0.0112286	-0.0088729	-0.0104299	0.0071745	0.0106392
190.2750000	-3883.0000000	0.0000100	0.0000100	0.0000100	0.0000100	-0.0000100	-0.0000100	-0.0000100	-0.0000100	0.0085613	0.0104046	0.0106349	0.0073443	-0.0089499	-0.0111141	-0.0114747	-0.0079260
191.5400000	-30.6299992	0.0000100	0.0000100	0.0000100	0.0000100	-0.0000100	-0.0000100	-0.0000100	-0.0000100	0.0074028	0.0086951	0.0011155	-0.0016390	-0.0077873	-0.0093860	-0.0019408	0.0010540
192.8200000	3868.0000000	0.0000100	0.0000100	0.0000100	0.0000100	-0.0000100	-0.0000100	-0.0000100	-0.0000100	0.0088965	0.0102223	-0.0079770	-0.0113881	-0.0092778	-0.0109056	0.0071734	0.0108074
194.3700000	-3882.0000000	0.0000100	0.0000100	0.0000100	0.0000100	-0.0000100	-0.0000100	-0.0000100	-0.0000100	0.0089512	0.0108834	0.0108019	0.0073394	-0.0093435	-0.0115913	-0.0116328	-0.0079193
195.6850000	-30.6499996	0.0000100	0.0000100	0.0000100	0.0000100	-0.0000100	-0.0000100	-0.0000100	-0.0000100	0.0077912	0.0091708	0.0012065	-0.0017170	-0.0081813	-0.0098560	-0.0020130	0.0011370
197.0050000	3867.0000000	0.0000100	0.0000100	0.0000100	0.0000100	-0.0000100	-0.0000100	-0.0000100	-0.0000100	0.0092964	0.0107138	-0.0079637	-0.0115499	-0.0096850	-0.0113875	0.0071761	0.0109711
198.8700000	-3882.0000000	0.0000100	0.0000100	0.0000100	0.0000100	-0.0000100	-0.0000100	-0.0000100	-0.0000100	0.0093774	0.0114171	0.0109867	0.0073297	-0.0097787	-0.0121121	-0.0117900	-0.0079081
200.3550000	-30.5300007	0.0000100	0.0000100	0.0000100	0.0000100	-0.0000100	-0.0000100	-0.0000100	-0.0000100	0.0082373	0.0097184	0.0013139	-0.0018124	-0.0086400	-0.0103950	-0.0020905	0.0012318
201.8000000	3866.0000000	0.0000100	0.0000100	0.0000100	0.0000100	-0.0000100	-0.0000100	-0.0000100	-0.0000100	0.0097625	0.0112934	-0.0079370	-0.0117447	-0.0101663	-0.0119572	0.0071789	0.0111678
203.5500000	-3881.0000000	0.0000100	0.0000100	0.0000100	0.0000100	-0.0000100	-0.0000100	-0.0000100	-0.0000100	0.0098432	0.0119995	0.0111962	0.0073142	-0.0102546	-0.0126786	-0.0119679	-0.0078926
205.0000000	-30.6399994	0.0000100	0.0000100	0.0000100	0.0000100	-0.0000100	-0.0000100	-0.0000100	-0.0000100	0.0086919	0.0102974	0.0014373	-0.0019106	-0.0091213	-0.0109634	-0.0021774	0.0013389
206.5500000	3864.0000000	0.0000100	0.0000100	0.0000100	0.0000100	-0.0000100	-0.0000100	-0.0000100	-0.0000100	0.0102380	0.0118817	-0.0079080	-0.0119377	-0.0106506	-0.0125354	0.0071740	0.0113658
208.3500000	-3879.0000000	0.0000100	0.0000100	0.0000100	0.0000100	-0.0000100	-0.0000100	-0.0000100	-0.0000100	0.0103211	0.0125964	0.0113983	0.0072929	-0.0107425	-0.0132662	-0.0121505	-0.0078659
209.8000000	-30.5599995	0.0000100	0.0000100	0.0000100	0.0000100	-0.0000100	-0.0000100	-0.0000100	-0.0000100	0.0091909	0.0109048	0.0015451	-0.0020161	-0.0096065	-0.0115576	-0.0022819	0.0014467
211.3000000	3863.0000000	0.0000100	0.0000100	0.0000100	0.0000100	-0.0000100	-0.0000100	-0.0000100	-0.0000100	0.0107247	0.0124849	-0.0078721	-0.0121324	-0.0111404	-0.0131317	0.0071585	0.0115680
213.0500000	-3877.0000000	0.0000100	0.0000100	0.0000100	0.0000100	-0.0000100	-0.0000100	-0.0000100	-0.0000100	0.0108048	0.0132101	0.0116113	0.0072673	-0.0112390	-0.0138665	-0.0123395	-0.0078352
214.5500000	-30.5799999	0.0000100	0.0000100	0.0000100	0.0000100	-0.0000100	-0.0000100	-0.0000100	-0.0000100	0.0096740	0.0115152	0.0016713	-0.0021305	-0.0101110	-0.0121571	-0.0023748	0.0015644
216.0000000	3862.0000000	0.0000100	0.0000100	0.0000100	0.0000100	-0.0000100	-0.0000100	-0.0000100	-0.0000100	0.0112040	0.0130991	-0.0078155	-0.0123312	-0.0116509	-0.0137336	0.0071379	0.0117621
217.7500000	-3877.0000000	0.0000100	0.0000100	0.0000100	0.0000100	-0.0000100	-0.0000100	-0.0000100	-0.0000100	0.0112880	0.0138347	0.0118337	0.0072264	-0.0117461	-0.0144705	-0.0125107	-0.0077941
219.3000000	-30.5599995	0.0000100	0.0000100	0.0000100	0.0000100	-0.0000100	-0.0000100	-0.0000100	-0.0000100	0.0101571	0.0121407	0.0018178	-0.0022488	-0.0106281	-0.0127663	-0.0024656	0.0016744
220.8000000	3860.0000000	0.0000100	0.0000100	0.0000100	0.0000100	-0.0000100	-0.0000100	-0.0000100	-0.0000100	0.0116843	0.0137260	-0.0077340	-0.0125123	-0.0121690	-0.0143411	0.0071181	0.0119529
222.5500000	-3875.0000000	0.0000100	0.0000100	0.0000100	0.0000100	-0.0000100	-0.0000100	-0.0000100	-0.0000100	0.0117390	0.0144530	0.0120611	0.0072039	-0.0122977	-0.0150961	-0.0126330	-0.0076781
224.0500000	-30.4300003	0.0000100	0.0000100	0.0000100	0.0000100	-0.0000100	-0.0000100	-0.0000100	-0.0000100	0.0105845	0.0127469	0.0020014	-0.0023014	-0.0111916	-0.0133835	-0.0025199	0.0018552
225.5000000	3859.0000000	0.0000100	0.0000100	0.0000100	0.0000100	-0.0000100	-0.0000100	-0.0000100	-0.0000100	0.0121081	0.0143261	-0.0076003	-0.0126180	-0.0127171	-0.0149648	0.0070863	0.0121684
227.3000000	-3874.0000000	0.0000100	0.0000100	0.0000100	0.0000100	-0.0000100	-0.0000100	-0.0000100	-0.0000100	0.0122017	0.0150652	0.0122403	0.0071355	-0.0128087	-0.0156973	-0.0127551	-0.0075800
228.8000000	-30.5200005	0.0000100	0.0000100	0.0000100	0.0000100	-0.0000100	-0.0000100	-0.0000100	-0.0000100	0.0110940	0.0133801	0.0021230	-0.0024292	-0.0116998	-0.0140115	-0.0026412	0.0019654
230.3000000	3858.0000000	0.0000100	0.0000100	0.0000100	0.0000100	-0.0000100	-0.0000100	-0.0000100	-0.0000100	0.0126087	0.0149584	-0.0074709	-0.0127447	-0.0132119	-0.0155783	0.0069544	0.0122650
232.1500000	-3873.0000000	0.0000100	0.0000100	0.0000100	0.0000100	-0.0000100	-0.0000100	-0.0000100	-0.0000100	0.0127069	0.0156909	0.0123281	0.0069481	-0.0132988	-0.0163002	-0.0128265	-0.0074105
233.7000000	-30.6299992	0.0000100	0.0000100	0.0000100	0.0000100	-0.0000100	-0.0000100	-0.0000100	-0.0000100	0.0116073	0.0140194	0.0022510	-0.0025654	-0.0121931	-0.0146255	-0.0027600	0.0020847
235.3000000	3856.0000000	0.0000100	0.0000100	0.0000100	0.0000100	-0.0000100	-0.0000100	-0.0000100	-0.0000100	0.0130915	0.0155779	-0.0072216	-0.0127423	-0.0136718	-0.0161708	0.0067011	0.0122372
237.1000000	-3872.0000000	0.0000100	0.0000100	0.0000100	0.0000100	-0.0000100	-0.0000100	-0.0000100	-0.0000100	0.0131519	0.0162373	0.0122522	0.0066363	-0.0137185	-0.0168102	-0.0127235	-0.0070917
238.6000000	-30.3899994	0.0000100	0.0000100	0.0000100	0.0000100	-0.0000100	-0.0000100	-0.0000100	-0.0000100	0.0120272	0.0145528	0.0023581	-0.0026895	-0.0125830	-0.0151198	-0.0028567	0.0021847
240.1000000	3856.0000000	0.0000100	0.0000100	0.0000100	0.0000100	-0.0000100	-0.0000100	-0.0000100	-0.0000100	0.0134434	0.0160390	-0.0067735	-0.0124852	-0.0139916	-0.0166001	0.0062341	0.0119366
241.9000000	-3871.0000000	0.0000100	0.0000100	0.0000100	0.0000100	-0.0000100	-0.0000100	-0.0000100	-0.0000100	0.0134267	0.0165647	0.0118551	0.0060571	-0.0139673	-0.0170908	-0.0122809	-0.0065090
243.4000000	-30.3099995	0.0000100	0.0000100	0.0000100	0.0000100	-0.0000100	-0.0000100	-0.0000100	-0.0000100	0.0122528	0.0148405	0.0024290	-0.0027656	-0.0127810	-0.0153697	-0.0029155	0.0022459
244.9000000	3855.0000000	0.0000100	0.0000100	0.0000100	0.0000100	-0.0000100	-0.0000100	-0.0000100	-0.0000100	0.0135428	0.0162235	-0.0059797	-0.0117878	-0.0140482	-0.0167394	0.0054101	0.0111659
246.7000000	-3870.0000000	0.0000100	0.0000100	0.0000100	0.0000100	-0.0000100	-0.0000100	-0.0000100	-0.0000100	0.0133983	0.0165058	0.0109313	0.0050773	-0.0138925	-0.0169592	-0.0112798	-0.0054902
248.2000000	-30.4200001	0.0000100	0.0000100	0.0000100	0.0000100	-0.0000100	-0.0000100	-0.0000100	-0.0000100	0.0121376	0.0147279	0.0024273	-0.0027847	-0.0126148	-0.0151838	-0.0028916	0.0022379
249.7500000	3854.0000000	0.0000100	0.0000100	0.0000100	0.0000100	-0.0000100	-0.0000100	-0.0000100	-0.0000100	0.0132045	0.0158941	-0.0046925	-0.0104215	-0.0136504	-0.0163504	0.0040762	0.0096993
251.6000000	-3869.0000000	0.0000100	0.0000100	0.0000100	0.0000100	-0.0000100	-0.0000100	-0.0000100	-0.0000100	0.0128286	0.0157788	0.0092077	0.0035197	-0.0132763	-0.0161397	-0.0094838	-0.0039155
253.1000000	-30.2900009	0.0000100	0.0000100	0.0000100	0.0000100	-0.0000100	-0.0000100	-0.0000100	-0.0000100	0.0114616	0.0139401	0.0023026	-0.0027001	-0.0118849	-0.0143122	-0.0027426	0.0021142
254.5500000	3854.0000000	0.0000100	0.0000100	0.0000100	0.0000100	-0.0000100	-0.0000100	-0.0000100	-0.0000100	0.0122129	0.0147800	-0.0028925	-0.0082570	-0.0125810	-0.0151517	0.0022833	0.0074773
256.1500000	-3868.0000000	0.0000100	0.0000100	0.0000100	0.0000100	-0.0000100	-0.0000100	-0.0000100	-0.0000100	0.0116705	0.0143388	0.0070150	0.0017671	-0.0120944	-0.0146211	-0.0072410	-0.0021687
257.4000000	-30.2500000	0.0000100	0.0000100	0.0000100	0.0000100	-0.0000100	-0.0000100	-0.0000100	-0.0000100	0.0103057	0.0125456	0.0020553	-0.0024795	-0.0107192	-0.0129185	-0.0024978	0.0019031
258.7500000	3852.0000000	0.0000100	0.0000100	0.0000100	0.0000100	-0.0000100	-0.0000100	-0.0000100	-0.0000100	0.0108402	0.0131539	-0.0013070	-0.0060938	-0.0111659	-0.0134799	0.0007120	0.0052857
260.5000000	-3868.0000000	0.0000100	0.0000100	0.0000100	0.0000100	-0.0000100	-0.0000100	-0.0000100	-0.0000100	0.0101035	0.0123558	0.0047228	0.0001740	-0.0104788	-0.0125843	-0.0049685	-0.0006242
262.0000000	-30.3299999	0.0000100	0.0000100	0.0000100	0.0000100	-0.0000100	-0.0000100	-0.0000100	-0.0000100	0.0087369	0.0106412	0.0017057	-0.0021657	-0.0091005	-0.0109204	-0.0021129	0.0015424
263.5000000	3851.0000000	0.0000100	0.0000100	0.0000100	0.0000100	-0.0000100	-0.0000100	-0.0000100	-0.0000100	0.0089110	0.0108343	0.0001050	-0.0038327	-0.0092133	-0.0111123	-0.0006457	0.0030555
265.2500000	-3866.0000000	0.0000100	0.0000100	0.0000100	0.0000100	-0.0000100	-0.0000100	-0.0000100	-0.0000100	0.0081305	0.0099193	0.0026529	-0.0009989	-0.0084924	-0.0101309	-0.0029308	0.0004876
266.7000000	-30.4699993	0.0000100	0.0000100	0.0000100	0.0000100	-0.0000100	-0.0000100	-0.0000100	-0.0000100	0.0069833	0.0084675	0.0012870	-0.0017756	-0.0073120	-0.0087307	-0.0016971	0.0011497
268.2000000	3851.0000000	0.0000100	0.0000100	0.0000100	0.0000100	-0.0000100	-0.0000100	-0.0000100	-0.0000100	0.0069593	0.0084468	0.0008641	-0.0021792	-0.0072826	-0.0087456	-0.0013466	0.0014836
269.9500000	-3865.0000000	0.0000100	0.0000100	0.0000100	0.0000100	-0.0000100	-0.0000100	-0.0000100	-0.0000100	0.0062707	0.0076089	0.0012375	-0.0015156	-0.0066410	-0.0078738	-0.0015982	0.0009646
271.4500000	-30.4899998	0.0000100	0.0000100	0.0000100	0.0000100	-0.0000100	-0.0000100	-0.0000100	-0.0000100	0.0053553	0.0064773	0.0009077	-0.0014067	-0.0057286	-0.0067975	-0.0013301	0.0008102
272.9500000	3850.0000000	0.0000100	0.0000100	0.0000100	0.0000100	-0.0000100	-0.0000100	-0.0000100	-0.0000100	0.0052780	0.0063878	0.0010774	-0.0011615	-0.0056338	-0.0067109	-0.0015410	0.0005531
274.6500000	-3864.0000000	0.0000100	0.0000100	0.0000100	0.0000100	-0.0000100	-0.0000100	-0.0000100	-0.0000100	0.0047270	0.0057070	0.0004318	-0.0016016	-0.0051263	-0.0060249	-0.0008471	0.0010288
276.2000000	-30.3899994	0.0000100	0.0000100	0.0000100	0.0000100	-0.0000100	-0.0000100	-0.0000100	-0.0000100	0.0040352	0.0048664	0.0006109	-0.0011127	-0.0044509	-0.0052443	-0.0010501	0.0005323
277.7000000	3848.0000000	0.0000100	0.0000100	0.0000100	0.0000100	-0.0000100	-0.0000100	-0.0000100	-0.0000100	0.0039377	0.0047521	0.0010211	-0.0006516	-0.0043391	-0.0051355	-0.0014650	0.0000679
279.4500000	-3863.0000000	0.0000100	0.0000100	0.0000100	0.0000100	-0.0000100	-0.0000100	-0.0000100	-0.0000100	0.0035245	0.0042282	0.0000156	-0.0014736	-0.0039487	-0.0046144	-0.0004669	0.0009021
281.0000000	-30.2999992	0.0000100	0.0000100	0.0000100	0.0000100	-0.0000100	-0.0000100	-0.0000100	-0.0000100	0.0030281	0.0036417	0.0003874	-0.0008900	-0.0034623	-0.0040458	-0.0008342	0.0003293
282.4000000	3847.0000000	0.0000100	0.0000100	0.0000100	0.0000100	-0.0000100	-0.0000100	-0.0000100	-0.0000100	0.0029390	0.0035388	0.0008514	-0.0003838	-0.0033662	-0.0039452	-0.0012881	-0.0001733
284.2000000	-3862.0000000	0.0000100	0.0000100	0.0000100	0.0000100	-0.0000100	-0.0000100	-0.0000100	-0.0000100	0.0026357	0.0031470	-0.0001862	-0.0012710	-0.0030710	-0.0035603	-0.0002779	0.0007238
285.7000000	-30.1900005	0.0000100	0.0000100	0.0000100	0.0000100	-0.0000100	-0.0000100	-0.0000100	-0.0000100	0.0022593	0.0027081	0.0002235	-0.0007267	-0.0027129	-0.0031417	-0.0006767	0.0001818
287.2000000	3846.0000000	0.0000100	0.0000100	0.0000100	0.0000100	-0.0000100	-0.0000100	-0.0000100	-0.0000100	0.0021868	0.0026327	0.0006616	-0.0002554	-0.0026407	-0.0030722	-0.0010980	-0.0002743
288.9500000	-3861.0000000	0.0000100	0.0000100	0.0000100	0.0000100	-0.0000100	-0.0000100	-0.0000100	-0.0000100	0.0019597	0.0023368	-0.0002682	-0.0010854	-0.0024141	-0.0027836	-0.0002031	0.0005419
290.5000000	-30.3199997	0.0000100	0.0000100	0.0000100	0.0000100	-0.0000100	-0.0000100	-0.0000100	-0.0000100	0.0016785	0.0020156	0.0001092	-0.0006038	-0.0021444	-0.0024706	-0.0005638	0.0000744
292.0000000	3846.0000000	0.0000100	0.0000100	0.0000100	0.0000100	-0.0000100	-0.0000100	-0.0000100	-0.0000100	0.0016137	0.0019440	0.0004788	-0.0002031	-0.0020872	-0.0024056	-0.0009258	-0.0003084
293.7500000	-3861.0000000	0.0000100	0.0000100	0.0000100	0.0000100	-0.0000100	-0.0000100	-0.0000100	-0.0000100	0.0014526	0.0017321	-0.0003026	-0.0009165	-0.0019220	-0.0022036	-0.0001779	0.0003801
295.3000000	-30.3099995	0.0000100	0.0000100	0.0000100	0.0000100	-0.0000100	-0.0000100	-0.0000100	-0.0000100	0.0012476	0.0015025	0.0000253	-0.0005177	-0.0017311	-0.0019766	-0.0004871	-0.0000025
296.7500000	3844.0000000	0.0000100	0.0000100	0.0000100	0.0000100	-0.0000100	-0.0000100	-0.0000100	-0.0000100	0.0011990	0.0014553	0.0003378	-0.0001822	-0.0016823	-0.0019231	-0.0007830	-0.0003172
298.5000000	-3860.0000000	0.0000100	0.0000100	0.0000100	0.0000100	-0.0000100	-0.0000100	-0.0000100	-0.0000100	0.0010742	0.0012821	-0.0003143	-0.0007788	-0.0015579	-0.0017750	-0.0001725	0.0002560
299.9000000	-30.3500004	0.0000100	0.0000100	0.0000100	0.0000100	-0.0000100	-0.0000100	-0.0000100	-0.0000100	0.0009244	0.0011116	-0.0000410	-0.0004476	-0.0014153	-0.0016058	-0.0004315	-0.0000589
301.4500000	3843.0000000	0.0000100	0.0000100	0.0000100	0.0000100	-0.0000100	-0.0000100	-0.0000100	-0.0000100	0.0008803	0.0010779	0.0002216	-0.0001754	-0.0013821	-0.0015645	-0.0006702	-0.0003074
303.2500000	-3858.0000000	0.0000100	0.0000100	0.0000100	0.0000100	-0.0000100	-0.0000100	-0.0000100	-0.0000100	0.0007971	0.0009484	-0.0003082	-0.0006578	-0.0012795	-0.0014521	-0.0001744	0.0001564
304.8000000	-30.3600006	0.0000100	0.0000100	0.0000100	0.0000100	-0.0000100	-0.0000100	-0.0000100	-0.0000100	0.0006814	0.0008282	-0.0000825	-0.0003993	-0.0011729	-0.0013231	-0.0003848	-0.0000897
306.2500000	3842.0000000	0.0000100	0.0000100	0.0000100	0.0000100	-0.0000100	-0.0000100	-0.0000100	-0.0000100	0.0006424	0.0007912	0.0001262	-0.0001756	-0.0011500	-0.0012955	-0.0005803	-0.0002925
307.9500000	-3858.0000000	0.0000100	0.0000100	0.0000100	0.0000100	-0.0000100	-0.0000100	-0.0000100	-0.0000100	0.0005700	0.0006924	-0.0003058	-0.0005713	-0.0010729	-0.0012078	-0.0001890	0.0000785
309.5000000	-30.2700005	0.0000100	0.0000100	0.0000100	0.0000100	-0.0000100	-0.0000100	-0.0000100	-0.0000100	0.0004829	0.0005948	-0.0001193	-0.0003617	-0.0009898	-0.0011119	-0.0003559	-0.0001217
311.0000000	3842.0000000	0.0000100	0.0000100	0.0000100	0.0000100	-0.0000100	-0.0000100	-0.0000100	-0.0000100	0.0004551	0.0005713	0.0000535	-0.0001792	-0.0009703	-0.0010867	-0.0005125	-0.0002820
312.7500000	-3857.0000000	0.0000100	0.0000100	0.0000100	0.0000100	-0.0000100	-0.0000100	-0.0000100	-0.0000100	0.0004033	0.0004937	-0.0002935	-0.0005012	-0.0009093	-0.0010198	-0.0001940	0.0000217
314.2000000	-30.3700008	0.0000100	0.0000100	0.0000100	0.0000100	-0.0000100	-0.0000100	-0.0000100	-0.0000100	0.0003359	0.0004223	-0.0001457	-0.0003325	-0.0008481	-0.0009477	-0.0003294	-0.0001420
315.7000000	3841.0000000	0.0000100	0.0000100	0.0000100	0.0000100	-0.0000100	-0.0000100	-0.0000100	-0.0000100	0.0003097	0.0004015	-0.0000007	-0.0001812	-0.0008383	-0.0009300	-0.0004539	-0.0002699
317.3500000	-3855.0000000	0.0000100	0.0000100	0.0000100	0.0000100	-0.0000100	-0.0000100	-0.0000100	-0.0000100	0.0002750	0.0003449	-0.0002815	-0.0004507	-0.0007895	-0.0008797	-0.0002007	-0.0000300
318.6000000	-30.6299992	0.0000100	0.0000100	0.0000100	0.0000100	-0.0000100	-0.0000100	-0.0000100	-0.0000100	0.0002249	0.0002948	-0.0001582	-0.0003181	-0.0007460	-0.0008260	-0.0003108	-0.0001596
319.8000000	3840.0000000	0.0000100	0.0000100	0.0000100	0.0000100	-0.0000100	-0.0000100	-0.0000100	-0.0000100	0.0002107	0.0002891	-0.0000433	-0.0001912	-0.0007395	-0.0008153	-0.0004174	-0.0002689
321.0000000	-3854.0000000	0.0000100	0.0000100	0.0000100	0.0000100	-0.0000100	-0.0000100	-0.0000100	-0.0000100	0.0001964	0.0002570	-0.0002735	-0.0004167	-0.0007066	-0.0007895	-0.0002063	-0.0000620
322.0000000	-30.2199993	0.0000100	0.0000100	0.0000100	0.0000100	-0.0000100	-0.0000100	-0.0000100	-0.0000100	0.0001574	0.0002179	-0.0001701	-0.0003027	-0.0006785	-0.0007489	-0.0003010	-0.0001711
323.0500000	3839.0000000	0.0000100	0.0000100	0.0000100	0.0000100	-0.0000100	-0.0000100	-0.0000100	-0.0000100	0.0001505	0.0002136	-0.0000677	-0.0001920	-0.0006810	-0.0007463	-0.0003937	-0.0002517
