Trigger Count=261	Output Count=261	Elapsed Time=28.697	Number of Pulses CH0=0	Number of Pulses CH1=2
ple rate (Hz)=2.50E+8	Min record length=11364	Trigger level (V)=0.2500	Channel 0 threshold (V)=0.0500	Channel 1 threshold (V)=0.0500	Range (microseconds)=40.0000	Pulse 2 delay (microseconds)=1.0000	Lower cut-off frequency (Hz)=1.00E+6
                             	                             
Ch0_time1 (s)	Ch0_amp1 (V)	Ch0_width1 (s)	Ch0_time2 (s)	Ch0_amp2 (V)	Ch0_width2 (s)	Ch1_time1 (s)	Ch1_amp1 (V)	Ch1_width1 (s)	Ch1_time2 (s)	Ch1_amp2 (V)	Ch1_width2 (s)
0.000000	0.000000	0.000000	0.000000	0.000000	0.000000	5.452000E-6	0.330978	9.974221E-8	2.655600E-5	0.162646	1.007359E-7
0.000000	0.000000	0.000000	0.000000	0.000000	0.000000	5.452000E-6	0.365688	1.041567E-7	2.655600E-5	0.162318	1.002553E-7
0.000000	0.000000	0.000000	0.000000	0.000000	0.000000	5.452000E-6	0.330661	9.972142E-8	2.655600E-5	0.164175	9.990873E-8
0.000000	0.000000	0.000000	0.000000	0.000000	0.000000	5.452000E-6	0.331293	9.963178E-8	2.655600E-5	0.164646	9.960872E-8
0.000000	0.000000	0.000000	0.000000	0.000000	0.000000	5.452000E-6	0.357629	1.034218E-7	2.655600E-5	0.164497	9.920543E-8
0.000000	0.000000	0.000000	0.000000	0.000000	0.000000	5.452000E-6	0.331253	1.000401E-7	2.655200E-5	0.164279	1.006696E-7
0.000000	0.000000	0.000000	0.000000	0.000000	0.000000	5.456000E-6	0.332174	9.971350E-8	2.655600E-5	0.163392	1.015153E-7
0.000000	0.000000	0.000000	0.000000	0.000000	0.000000	5.456000E-6	0.331577	9.921944E-8	2.655600E-5	0.163731	1.011855E-7
0.000000	0.000000	0.000000	0.000000	0.000000	0.000000	5.452000E-6	0.330172	9.936456E-8	2.655600E-5	0.163657	1.006404E-7
0.000000	0.000000	0.000000	0.000000	0.000000	0.000000	5.452000E-6	0.332970	9.984022E-8	2.655600E-5	0.161349	9.993143E-8
0.000000	0.000000	0.000000	0.000000	0.000000	0.000000	5.452000E-6	0.330606	1.000147E-7	2.655200E-5	0.164528	1.005983E-7
0.000000	0.000000	0.000000	0.000000	0.000000	0.000000	5.456000E-6	0.357106	1.030588E-7	2.655600E-5	0.164148	1.004343E-7
0.000000	0.000000	0.000000	0.000000	0.000000	0.000000	5.456000E-6	0.331046	9.967079E-8	2.655600E-5	0.164293	1.003234E-7
0.000000	0.000000	0.000000	0.000000	0.000000	0.000000	5.452000E-6	0.331483	9.944024E-8	2.655600E-5	0.164165	1.009658E-7
0.000000	0.000000	0.000000	0.000000	0.000000	0.000000	5.452000E-6	0.331772	9.934085E-8	2.655600E-5	0.166576	9.995376E-8
0.000000	0.000000	0.000000	0.000000	0.000000	0.000000	5.456000E-6	0.331167	9.991716E-8	2.655600E-5	0.163535	1.004271E-7
0.000000	0.000000	0.000000	0.000000	0.000000	0.000000	5.456000E-6	0.356340	1.033709E-7	2.655600E-5	0.162673	1.006924E-7
0.000000	0.000000	0.000000	0.000000	0.000000	0.000000	5.456000E-6	0.331950	9.912513E-8	2.655600E-5	0.165019	1.013462E-7
0.000000	0.000000	0.000000	0.000000	0.000000	0.000000	5.452000E-6	0.330120	9.958905E-8	2.655600E-5	0.161686	1.006260E-7
0.000000	0.000000	0.000000	0.000000	0.000000	0.000000	5.456000E-6	0.357545	1.035394E-7	2.655600E-5	0.165072	1.008947E-7
0.000000	0.000000	0.000000	0.000000	0.000000	0.000000	5.456000E-6	0.356294	1.031579E-7	2.655600E-5	0.163037	1.012489E-7
0.000000	0.000000	0.000000	0.000000	0.000000	0.000000	5.456000E-6	0.331209	9.951292E-8	2.655600E-5	0.162732	1.011080E-7
0.000000	0.000000	0.000000	0.000000	0.000000	0.000000	5.452000E-6	0.332058	9.966323E-8	2.655600E-5	0.163582	1.000655E-7
0.000000	0.000000	0.000000	0.000000	0.000000	0.000000	5.452000E-6	0.330929	9.989173E-8	2.655600E-5	0.165694	9.988304E-8
0.000000	0.000000	0.000000	0.000000	0.000000	0.000000	5.452000E-6	0.331385	9.966323E-8	2.655200E-5	0.162348	9.920166E-8
0.000000	0.000000	0.000000	0.000000	0.000000	0.000000	5.452000E-6	0.331679	9.993967E-8	2.655200E-5	0.164837	1.007423E-7
0.000000	0.000000	0.000000	0.000000	0.000000	0.000000	5.456000E-6	0.356033	1.038114E-7	2.655600E-5	0.163751	1.010868E-7
0.000000	0.000000	0.000000	0.000000	0.000000	0.000000	5.456000E-6	0.358420	1.032566E-7	2.655600E-5	0.164987	9.994702E-8
0.000000	0.000000	0.000000	0.000000	0.000000	0.000000	5.452000E-6	0.331494	1.000372E-7	2.655200E-5	0.164782	1.006950E-7
0.000000	0.000000	0.000000	0.000000	0.000000	0.000000	5.456000E-6	0.334103	9.899838E-8	2.655600E-5	0.163763	1.006425E-7
0.000000	0.000000	0.000000	0.000000	0.000000	0.000000	5.456000E-6	0.332783	9.937521E-8	2.655600E-5	0.163941	9.994877E-8
0.000000	0.000000	0.000000	0.000000	0.000000	0.000000	5.452000E-6	0.331288	9.962347E-8	2.655600E-5	0.164314	9.968857E-8
0.000000	0.000000	0.000000	0.000000	0.000000	0.000000	5.452000E-6	0.331405	9.944377E-8	2.655600E-5	0.164166	1.002496E-7
0.000000	0.000000	0.000000	0.000000	0.000000	0.000000	5.452000E-6	0.331864	1.003308E-7	2.655600E-5	0.163551	1.011398E-7
0.000000	0.000000	0.000000	0.000000	0.000000	0.000000	5.452000E-6	0.331706	9.985289E-8	2.655200E-5	0.165642	9.949112E-8
0.000000	0.000000	0.000000	0.000000	0.000000	0.000000	5.456000E-6	0.329916	1.000611E-7	2.655600E-5	0.163076	1.006755E-7
0.000000	0.000000	0.000000	0.000000	0.000000	0.000000	5.456000E-6	0.331801	9.965010E-8	2.655600E-5	0.163606	1.008692E-7
0.000000	0.000000	0.000000	0.000000	0.000000	0.000000	5.456000E-6	0.330195	9.951594E-8	2.655600E-5	0.163702	1.011997E-7
0.000000	0.000000	0.000000	0.000000	0.000000	0.000000	5.456000E-6	0.331181	9.940578E-8	2.655600E-5	0.163575	1.000464E-7
0.000000	0.000000	0.000000	0.000000	0.000000	0.000000	5.456000E-6	0.332113	9.933374E-8	2.655600E-5	0.162782	1.009331E-7
0.000000	0.000000	0.000000	0.000000	0.000000	0.000000	5.452000E-6	0.330730	9.983127E-8	2.655600E-5	0.161782	9.948454E-8
0.000000	0.000000	0.000000	0.000000	0.000000	0.000000	5.452000E-6	0.332215	9.983434E-8	2.655600E-5	0.163874	1.004030E-7
0.000000	0.000000	0.000000	0.000000	0.000000	0.000000	5.456000E-6	0.332511	9.908806E-8	2.655600E-5	0.160518	1.012130E-7
0.000000	0.000000	0.000000	0.000000	0.000000	0.000000	5.456000E-6	0.331940	9.922678E-8	2.655600E-5	0.162925	1.003115E-7
0.000000	0.000000	0.000000	0.000000	0.000000	0.000000	5.456000E-6	0.329553	9.957050E-8	2.655600E-5	0.165918	1.010688E-7
0.000000	0.000000	0.000000	0.000000	0.000000	0.000000	5.456000E-6	0.355517	1.035775E-7	2.655600E-5	0.164048	1.013541E-7
0.000000	0.000000	0.000000	0.000000	0.000000	0.000000	5.456000E-6	0.330953	9.965488E-8	2.655600E-5	0.163482	1.004639E-7
0.000000	0.000000	0.000000	0.000000	0.000000	0.000000	5.456000E-6	0.331798	9.930513E-8	2.655600E-5	0.163626	1.009705E-7
0.000000	0.000000	0.000000	0.000000	0.000000	0.000000	5.456000E-6	0.330666	1.000355E-7	2.655600E-5	0.163937	1.004930E-7
0.000000	0.000000	0.000000	0.000000	0.000000	0.000000	5.456000E-6	0.356444	1.036828E-7	2.655600E-5	0.163860	1.008947E-7
0.000000	0.000000	0.000000	0.000000	0.000000	0.000000	5.452000E-6	0.331317	9.989872E-8	2.655200E-5	0.162244	1.003705E-7
0.000000	0.000000	0.000000	0.000000	0.000000	0.000000	5.456000E-6	0.357348	1.036165E-7	2.655600E-5	0.164364	9.989510E-8
0.000000	0.000000	0.000000	0.000000	0.000000	0.000000	5.452000E-6	0.356016	1.037062E-7	2.655600E-5	0.164147	1.002204E-7
0.000000	0.000000	0.000000	0.000000	0.000000	0.000000	5.452000E-6	0.363942	1.046819E-7	2.655600E-5	0.162338	1.003779E-7
0.000000	0.000000	0.000000	0.000000	0.000000	0.000000	5.452000E-6	0.357569	1.038531E-7	2.655200E-5	0.165704	1.000817E-7
0.000000	0.000000	0.000000	0.000000	0.000000	0.000000	5.456000E-6	0.356558	1.038679E-7	2.655600E-5	0.162361	1.003805E-7
0.000000	0.000000	0.000000	0.000000	0.000000	0.000000	5.456000E-6	0.356425	1.035870E-7	2.655600E-5	0.162466	9.957061E-8
0.000000	0.000000	0.000000	0.000000	0.000000	0.000000	5.456000E-6	0.330593	9.946860E-8	2.655600E-5	0.164295	1.014372E-7
0.000000	0.000000	0.000000	0.000000	0.000000	0.000000	5.456000E-6	0.332369	9.921995E-8	2.655600E-5	0.162408	1.013332E-7
0.000000	0.000000	0.000000	0.000000	0.000000	0.000000	5.456000E-6	0.330848	9.941099E-8	2.655600E-5	0.164740	1.008532E-7
0.000000	0.000000	0.000000	0.000000	0.000000	0.000000	5.452000E-6	0.332952	9.962182E-8	2.655600E-5	0.163389	9.957366E-8
0.000000	0.000000	0.000000	0.000000	0.000000	0.000000	5.452000E-6	0.333288	9.980383E-8	2.655600E-5	0.166205	1.001186E-7
0.000000	0.000000	0.000000	0.000000	0.000000	0.000000	5.452000E-6	0.330653	9.995206E-8	2.655600E-5	0.164238	1.001858E-7
0.000000	0.000000	0.000000	0.000000	0.000000	0.000000	5.452000E-6	0.330193	1.000775E-7	2.655600E-5	0.163135	1.001492E-7
0.000000	0.000000	0.000000	0.000000	0.000000	0.000000	5.452000E-6	0.356821	1.039501E-7	2.655600E-5	0.162264	9.992228E-8
0.000000	0.000000	0.000000	0.000000	0.000000	0.000000	5.456000E-6	0.331005	9.977719E-8	2.655600E-5	0.163877	1.016254E-7
0.000000	0.000000	0.000000	0.000000	0.000000	0.000000	5.456000E-6	0.332121	9.957526E-8	2.655600E-5	0.163444	1.002523E-7
0.000000	0.000000	0.000000	0.000000	0.000000	0.000000	5.456000E-6	0.332073	9.906795E-8	2.655600E-5	0.164878	1.011369E-7
0.000000	0.000000	0.000000	0.000000	0.000000	0.000000	5.456000E-6	0.332683	9.915788E-8	2.655600E-5	0.165551	1.002096E-7
0.000000	0.000000	0.000000	0.000000	0.000000	0.000000	5.456000E-6	0.332184	9.969135E-8	2.655600E-5	0.162023	1.008534E-7
0.000000	0.000000	0.000000	0.000000	0.000000	0.000000	5.456000E-6	0.331821	9.939463E-8	2.655600E-5	0.164248	1.005851E-7
0.000000	0.000000	0.000000	0.000000	0.000000	0.000000	5.456000E-6	0.332652	9.962051E-8	2.655600E-5	0.164766	1.001116E-7
0.000000	0.000000	0.000000	0.000000	0.000000	0.000000	5.456000E-6	0.330840	9.982601E-8	2.655600E-5	0.163914	9.964822E-8
0.000000	0.000000	0.000000	0.000000	0.000000	0.000000	5.456000E-6	0.331979	9.935644E-8	2.655600E-5	0.162373	1.008391E-7
0.000000	0.000000	0.000000	0.000000	0.000000	0.000000	5.456000E-6	0.356546	1.032578E-7	2.655600E-5	0.163466	1.002068E-7
0.000000	0.000000	0.000000	0.000000	0.000000	0.000000	5.452000E-6	0.361667	1.038747E-7	2.655600E-5	0.163836	1.001628E-7
0.000000	0.000000	0.000000	0.000000	0.000000	0.000000	5.452000E-6	0.362514	1.047061E-7	2.655600E-5	0.160621	9.984949E-8
0.000000	0.000000	0.000000	0.000000	0.000000	0.000000	5.452000E-6	0.330926	9.999895E-8	2.655200E-5	0.161877	9.857246E-8
0.000000	0.000000	0.000000	0.000000	0.000000	0.000000	5.456000E-6	0.332794	9.998578E-8	2.655600E-5	0.162822	9.964689E-8
0.000000	0.000000	0.000000	0.000000	0.000000	0.000000	5.456000E-6	0.331441	9.958490E-8	2.655600E-5	0.164784	1.010634E-7
0.000000	0.000000	0.000000	0.000000	0.000000	0.000000	5.456000E-6	0.330150	9.935581E-8	2.655600E-5	0.162300	9.952261E-8
0.000000	0.000000	0.000000	0.000000	0.000000	0.000000	5.456000E-6	0.331191	9.965644E-8	2.655600E-5	0.162906	1.009618E-7
0.000000	0.000000	0.000000	0.000000	0.000000	0.000000	5.452000E-6	0.357738	1.032604E-7	2.655600E-5	0.165239	1.003871E-7
0.000000	0.000000	0.000000	0.000000	0.000000	0.000000	5.452000E-6	0.332789	9.961180E-8	2.655600E-5	0.162634	1.012856E-7
0.000000	0.000000	0.000000	0.000000	0.000000	0.000000	5.452000E-6	0.357800	1.031432E-7	2.655600E-5	0.160794	9.857045E-8
0.000000	0.000000	0.000000	0.000000	0.000000	0.000000	5.456000E-6	0.330871	1.000935E-7	2.655600E-5	0.164051	1.005719E-7
0.000000	0.000000	0.000000	0.000000	0.000000	0.000000	5.456000E-6	0.331626	9.945638E-8	2.655600E-5	0.165255	1.012765E-7
0.000000	0.000000	0.000000	0.000000	0.000000	0.000000	5.456000E-6	0.331475	9.993947E-8	2.655600E-5	0.163212	1.006413E-7
0.000000	0.000000	0.000000	0.000000	0.000000	0.000000	5.456000E-6	0.330425	9.964074E-8	2.655600E-5	0.161336	1.005238E-7
0.000000	0.000000	0.000000	0.000000	0.000000	0.000000	5.452000E-6	0.357613	1.035637E-7	2.655600E-5	0.163201	9.960098E-8
0.000000	0.000000	0.000000	0.000000	0.000000	0.000000	5.452000E-6	0.332384	9.985837E-8	2.655600E-5	0.162490	9.945208E-8
0.000000	0.000000	0.000000	0.000000	0.000000	0.000000	5.456000E-6	0.330012	9.948283E-8	2.655600E-5	0.163534	1.006657E-7
0.000000	0.000000	0.000000	0.000000	0.000000	0.000000	5.452000E-6	0.359665	1.029279E-7	2.655600E-5	0.163837	1.008699E-7
0.000000	0.000000	0.000000	0.000000	0.000000	0.000000	5.452000E-6	0.331338	9.992095E-8	2.655200E-5	0.162634	9.923256E-8
0.000000	0.000000	0.000000	0.000000	0.000000	0.000000	5.452000E-6	0.359748	1.041990E-7	2.655200E-5	0.164046	1.002176E-7
0.000000	0.000000	0.000000	0.000000	0.000000	0.000000	5.456000E-6	0.331062	9.933824E-8	2.655600E-5	0.164575	1.012967E-7
0.000000	0.000000	0.000000	0.000000	0.000000	0.000000	5.456000E-6	0.331713	9.943549E-8	2.655600E-5	0.163607	1.001694E-7
0.000000	0.000000	0.000000	0.000000	0.000000	0.000000	5.456000E-6	0.330828	9.925577E-8	2.655600E-5	0.162143	1.002249E-7
0.000000	0.000000	0.000000	0.000000	0.000000	0.000000	5.456000E-6	0.331927	9.919756E-8	2.655600E-5	0.163655	1.006752E-7
0.000000	0.000000	0.000000	0.000000	0.000000	0.000000	5.452000E-6	0.357705	1.036247E-7	2.655200E-5	0.163073	1.000416E-7
0.000000	0.000000	0.000000	0.000000	0.000000	0.000000	5.456000E-6	0.356661	1.032883E-7	2.655600E-5	0.161487	1.008632E-7
0.000000	0.000000	0.000000	0.000000	0.000000	0.000000	5.452000E-6	0.330987	9.977333E-8	2.655600E-5	0.164588	1.002897E-7
0.000000	0.000000	0.000000	0.000000	0.000000	0.000000	5.452000E-6	0.356329	1.033641E-7	2.655200E-5	0.163427	1.006064E-7
0.000000	0.000000	0.000000	0.000000	0.000000	0.000000	5.456000E-6	0.357725	1.033673E-7	2.655600E-5	0.164172	1.007914E-7
0.000000	0.000000	0.000000	0.000000	0.000000	0.000000	5.456000E-6	0.331139	9.943840E-8	2.655600E-5	0.163103	9.991032E-8
0.000000	0.000000	0.000000	0.000000	0.000000	0.000000	5.456000E-6	0.330768	9.897764E-8	2.655600E-5	0.163681	1.010246E-7
0.000000	0.000000	0.000000	0.000000	0.000000	0.000000	5.456000E-6	0.359162	1.034700E-7	2.655600E-5	0.162357	9.963136E-8
0.000000	0.000000	0.000000	0.000000	0.000000	0.000000	5.452000E-6	0.356341	1.033508E-7	2.655600E-5	0.162211	1.009420E-7
0.000000	0.000000	0.000000	0.000000	0.000000	0.000000	5.456000E-6	0.331849	9.955587E-8	2.655600E-5	0.164822	1.016192E-7
0.000000	0.000000	0.000000	0.000000	0.000000	0.000000	5.452000E-6	0.355690	1.034729E-7	2.655600E-5	0.164101	1.004142E-7
0.000000	0.000000	0.000000	0.000000	0.000000	0.000000	5.452000E-6	0.357325	1.038707E-7	2.655600E-5	0.164613	9.962199E-8
0.000000	0.000000	0.000000	0.000000	0.000000	0.000000	5.456000E-6	0.331940	9.952109E-8	2.655600E-5	0.164671	1.007611E-7
0.000000	0.000000	0.000000	0.000000	0.000000	0.000000	5.456000E-6	0.364292	1.043382E-7	2.655600E-5	0.164267	1.002219E-7
0.000000	0.000000	0.000000	0.000000	0.000000	0.000000	5.456000E-6	0.331401	9.954824E-8	2.655600E-5	0.164318	1.009676E-7
0.000000	0.000000	0.000000	0.000000	0.000000	0.000000	5.456000E-6	0.356824	1.033258E-7	2.655600E-5	0.164508	1.005196E-7
0.000000	0.000000	0.000000	0.000000	0.000000	0.000000	5.452000E-6	0.359519	1.033190E-7	2.655600E-5	0.166071	9.990349E-8
0.000000	0.000000	0.000000	0.000000	0.000000	0.000000	5.452000E-6	0.330812	1.000651E-7	2.655600E-5	0.164809	9.935367E-8
0.000000	0.000000	0.000000	0.000000	0.000000	0.000000	5.456000E-6	0.357749	1.030442E-7	2.655600E-5	0.162372	1.005568E-7
0.000000	0.000000	0.000000	0.000000	0.000000	0.000000	5.456000E-6	0.332332	9.934327E-8	2.655600E-5	0.164642	1.006057E-7
0.000000	0.000000	0.000000	0.000000	0.000000	0.000000	5.452000E-6	0.357762	1.034484E-7	2.655200E-5	0.163726	1.005940E-7
0.000000	0.000000	0.000000	0.000000	0.000000	0.000000	5.456000E-6	0.356441	1.038353E-7	2.655600E-5	0.163331	9.997693E-8
0.000000	0.000000	0.000000	0.000000	0.000000	0.000000	5.452000E-6	0.332348	9.951295E-8	2.655600E-5	0.163982	9.932425E-8
0.000000	0.000000	0.000000	0.000000	0.000000	0.000000	5.452000E-6	0.330533	1.001564E-7	2.655600E-5	0.164237	1.002837E-7
0.000000	0.000000	0.000000	0.000000	0.000000	0.000000	5.452000E-6	0.330937	9.999854E-8	2.655200E-5	0.164045	9.947804E-8
0.000000	0.000000	0.000000	0.000000	0.000000	0.000000	5.452000E-6	0.331092	1.000427E-7	2.655200E-5	0.164944	1.002847E-7
0.000000	0.000000	0.000000	0.000000	0.000000	0.000000	5.456000E-6	0.330220	9.972415E-8	2.655600E-5	0.161362	1.000977E-7
0.000000	0.000000	0.000000	0.000000	0.000000	0.000000	5.456000E-6	0.330873	9.909516E-8	2.655600E-5	0.165545	1.002907E-7
0.000000	0.000000	0.000000	0.000000	0.000000	0.000000	5.456000E-6	0.332414	9.924292E-8	2.655600E-5	0.163985	1.009660E-7
0.000000	0.000000	0.000000	0.000000	0.000000	0.000000	5.456000E-6	0.330517	9.939008E-8	2.655600E-5	0.163219	1.014152E-7
0.000000	0.000000	0.000000	0.000000	0.000000	0.000000	5.456000E-6	0.355955	1.036520E-7	2.655600E-5	0.162919	1.008763E-7
0.000000	0.000000	0.000000	0.000000	0.000000	0.000000	5.456000E-6	0.363609	1.042688E-7	2.655600E-5	0.163909	1.014022E-7
0.000000	0.000000	0.000000	0.000000	0.000000	0.000000	5.452000E-6	0.331600	9.962929E-8	2.655600E-5	0.164289	9.937474E-8
0.000000	0.000000	0.000000	0.000000	0.000000	0.000000	5.452000E-6	0.331568	9.961883E-8	2.655200E-5	0.164550	9.981018E-8
0.000000	0.000000	0.000000	0.000000	0.000000	0.000000	5.452000E-6	0.363463	1.045997E-7	2.655600E-5	0.163301	1.008083E-7
0.000000	0.000000	0.000000	0.000000	0.000000	0.000000	5.456000E-6	0.331719	9.966060E-8	2.655600E-5	0.163739	1.000846E-7
0.000000	0.000000	0.000000	0.000000	0.000000	0.000000	5.456000E-6	0.357267	1.033970E-7	2.655600E-5	0.165822	1.004748E-7
0.000000	0.000000	0.000000	0.000000	0.000000	0.000000	5.452000E-6	0.331021	1.000877E-7	2.655200E-5	0.164944	1.003819E-7
0.000000	0.000000	0.000000	0.000000	0.000000	0.000000	5.452000E-6	0.333235	9.987473E-8	2.655200E-5	0.163873	1.003526E-7
0.000000	0.000000	0.000000	0.000000	0.000000	0.000000	5.456000E-6	0.356496	1.030549E-7	2.655600E-5	0.163867	1.010709E-7
0.000000	0.000000	0.000000	0.000000	0.000000	0.000000	5.456000E-6	0.332164	9.945858E-8	2.655600E-5	0.162995	1.008140E-7
0.000000	0.000000	0.000000	0.000000	0.000000	0.000000	5.456000E-6	0.331399	9.936641E-8	2.655600E-5	0.165608	1.006024E-7
0.000000	0.000000	0.000000	0.000000	0.000000	0.000000	5.456000E-6	0.359984	1.037463E-7	2.655600E-5	0.164595	1.013243E-7
0.000000	0.000000	0.000000	0.000000	0.000000	0.000000	5.456000E-6	0.331991	9.938514E-8	2.655600E-5	0.162813	1.007675E-7
0.000000	0.000000	0.000000	0.000000	0.000000	0.000000	5.456000E-6	0.356374	1.030861E-7	2.655600E-5	0.165096	1.001312E-7
0.000000	0.000000	0.000000	0.000000	0.000000	0.000000	5.452000E-6	0.358616	1.037710E-7	2.655600E-5	0.161930	9.958285E-8
0.000000	0.000000	0.000000	0.000000	0.000000	0.000000	5.452000E-6	0.332432	1.003249E-7	2.655600E-5	0.163937	9.973358E-8
0.000000	0.000000	0.000000	0.000000	0.000000	0.000000	5.456000E-6	0.331812	9.928227E-8	2.655600E-5	0.163019	1.012592E-7
0.000000	0.000000	0.000000	0.000000	0.000000	0.000000	5.452000E-6	0.332992	9.936545E-8	2.655600E-5	0.164654	1.007203E-7
0.000000	0.000000	0.000000	0.000000	0.000000	0.000000	5.452000E-6	0.356210	1.033393E-7	2.655600E-5	0.164749	9.961011E-8
0.000000	0.000000	0.000000	0.000000	0.000000	0.000000	5.452000E-6	0.332044	9.996262E-8	2.655600E-5	0.163271	9.957043E-8
0.000000	0.000000	0.000000	0.000000	0.000000	0.000000	5.456000E-6	0.356182	1.039709E-7	2.655600E-5	0.164542	1.002459E-7
0.000000	0.000000	0.000000	0.000000	0.000000	0.000000	5.456000E-6	0.356997	1.032839E-7	2.655600E-5	0.162987	1.003195E-7
0.000000	0.000000	0.000000	0.000000	0.000000	0.000000	5.456000E-6	0.332287	9.948092E-8	2.655600E-5	0.164201	1.000887E-7
0.000000	0.000000	0.000000	0.000000	0.000000	0.000000	5.456000E-6	0.353200	1.024776E-7	2.655600E-5	0.161452	1.004853E-7
0.000000	0.000000	0.000000	0.000000	0.000000	0.000000	5.456000E-6	0.331520	9.972293E-8	2.655600E-5	0.164259	1.006706E-7
0.000000	0.000000	0.000000	0.000000	0.000000	0.000000	5.456000E-6	0.330387	9.956187E-8	2.655600E-5	0.164561	1.010720E-7
0.000000	0.000000	0.000000	0.000000	0.000000	0.000000	5.456000E-6	0.331119	9.930984E-8	2.655600E-5	0.161752	1.004544E-7
0.000000	0.000000	0.000000	0.000000	0.000000	0.000000	5.452000E-6	0.331197	9.981869E-8	2.655600E-5	0.162546	1.000573E-7
0.000000	0.000000	0.000000	0.000000	0.000000	0.000000	5.452000E-6	0.331032	9.998394E-8	2.655600E-5	0.161472	1.002896E-7
0.000000	0.000000	0.000000	0.000000	0.000000	0.000000	5.452000E-6	0.330604	1.001183E-7	2.655600E-5	0.164106	9.935436E-8
0.000000	0.000000	0.000000	0.000000	0.000000	0.000000	5.452000E-6	0.333365	9.953989E-8	2.655200E-5	0.163678	9.947489E-8
0.000000	0.000000	0.000000	0.000000	0.000000	0.000000	5.456000E-6	0.330042	1.001194E-7	2.655600E-5	0.163129	1.008790E-7
0.000000	0.000000	0.000000	0.000000	0.000000	0.000000	5.456000E-6	0.331796	9.933380E-8	2.655600E-5	0.163995	1.012656E-7
0.000000	0.000000	0.000000	0.000000	0.000000	0.000000	5.456000E-6	0.357022	1.032534E-7	2.655600E-5	0.163904	1.009058E-7
0.000000	0.000000	0.000000	0.000000	0.000000	0.000000	5.456000E-6	0.331209	9.942468E-8	2.655600E-5	0.162621	1.006085E-7
0.000000	0.000000	0.000000	0.000000	0.000000	0.000000	5.452000E-6	0.331062	9.940852E-8	2.655600E-5	0.163343	9.946004E-8
0.000000	0.000000	0.000000	0.000000	0.000000	0.000000	5.452000E-6	0.330721	9.973843E-8	2.655600E-5	0.164612	9.999313E-8
0.000000	0.000000	0.000000	0.000000	0.000000	0.000000	5.456000E-6	0.330780	9.982855E-8	2.655600E-5	0.163673	1.013632E-7
0.000000	0.000000	0.000000	0.000000	0.000000	0.000000	5.456000E-6	0.364767	1.039145E-7	2.655600E-5	0.165759	1.011547E-7
0.000000	0.000000	0.000000	0.000000	0.000000	0.000000	5.456000E-6	0.363628	1.046220E-7	2.655600E-5	0.164590	1.008159E-7
0.000000	0.000000	0.000000	0.000000	0.000000	0.000000	5.452000E-6	0.356157	1.035487E-7	2.655600E-5	0.164029	9.955743E-8
0.000000	0.000000	0.000000	0.000000	0.000000	0.000000	5.452000E-6	0.331038	1.002150E-7	2.655600E-5	0.163862	9.910670E-8
0.000000	0.000000	0.000000	0.000000	0.000000	0.000000	5.452000E-6	0.330100	9.972322E-8	2.655600E-5	0.164556	9.979196E-8
0.000000	0.000000	0.000000	0.000000	0.000000	0.000000	5.452000E-6	0.331673	9.995323E-8	2.655200E-5	0.163146	1.010001E-7
0.000000	0.000000	0.000000	0.000000	0.000000	0.000000	5.452000E-6	0.332229	9.954638E-8	2.655600E-5	0.163689	9.967017E-8
0.000000	0.000000	0.000000	0.000000	0.000000	0.000000	5.452000E-6	0.353432	1.031967E-7	2.655200E-5	0.164888	1.001043E-7
0.000000	0.000000	0.000000	0.000000	0.000000	0.000000	5.452000E-6	0.358484	1.033409E-7	2.655200E-5	0.161148	1.004673E-7
0.000000	0.000000	0.000000	0.000000	0.000000	0.000000	5.456000E-6	0.332248	9.984300E-8	2.655600E-5	0.161863	1.005047E-7
0.000000	0.000000	0.000000	0.000000	0.000000	0.000000	5.452000E-6	0.331345	1.000879E-7	2.655600E-5	0.163614	1.000564E-7
0.000000	0.000000	0.000000	0.000000	0.000000	0.000000	5.452000E-6	0.332064	1.000223E-7	2.655200E-5	0.165883	9.962450E-8
0.000000	0.000000	0.000000	0.000000	0.000000	0.000000	5.456000E-6	0.331476	9.957389E-8	2.655600E-5	0.162130	1.015538E-7
0.000000	0.000000	0.000000	0.000000	0.000000	0.000000	5.456000E-6	0.356791	1.032711E-7	2.655600E-5	0.162994	1.007043E-7
0.000000	0.000000	0.000000	0.000000	0.000000	0.000000	5.452000E-6	0.355785	1.036521E-7	2.655200E-5	0.163701	9.977416E-8
0.000000	0.000000	0.000000	0.000000	0.000000	0.000000	5.456000E-6	0.330417	9.984675E-8	2.655600E-5	0.163584	1.006916E-7
0.000000	0.000000	0.000000	0.000000	0.000000	0.000000	5.452000E-6	0.331304	1.001465E-7	2.655600E-5	0.164685	1.006469E-7
0.000000	0.000000	0.000000	0.000000	0.000000	0.000000	5.452000E-6	0.360509	1.042890E-7	2.655200E-5	0.163743	1.003321E-7
0.000000	0.000000	0.000000	0.000000	0.000000	0.000000	5.452000E-6	0.331043	9.997773E-8	2.655600E-5	0.164081	9.952294E-8
0.000000	0.000000	0.000000	0.000000	0.000000	0.000000	5.452000E-6	0.357018	1.040601E-7	2.655600E-5	0.163925	1.000563E-7
0.000000	0.000000	0.000000	0.000000	0.000000	0.000000	5.456000E-6	0.331246	9.947800E-8	2.655600E-5	0.164018	1.008184E-7
0.000000	0.000000	0.000000	0.000000	0.000000	0.000000	5.456000E-6	0.360853	1.034368E-7	2.655600E-5	0.165141	1.009580E-7
0.000000	0.000000	0.000000	0.000000	0.000000	0.000000	5.456000E-6	0.356929	1.035418E-7	2.655600E-5	0.164947	1.002038E-7
0.000000	0.000000	0.000000	0.000000	0.000000	0.000000	5.456000E-6	0.330359	9.973274E-8	2.655600E-5	0.163113	1.011550E-7
0.000000	0.000000	0.000000	0.000000	0.000000	0.000000	5.452000E-6	0.330669	1.003760E-7	2.655200E-5	0.163859	9.934645E-8
0.000000	0.000000	0.000000	0.000000	0.000000	0.000000	5.456000E-6	0.354638	1.022334E-7	2.655600E-5	0.163580	1.010154E-7
0.000000	0.000000	0.000000	0.000000	0.000000	0.000000	5.456000E-6	0.331247	9.922285E-8	2.655600E-5	0.162421	9.983190E-8
0.000000	0.000000	0.000000	0.000000	0.000000	0.000000	5.452000E-6	0.358913	1.034632E-7	2.655600E-5	0.161818	1.004708E-7
0.000000	0.000000	0.000000	0.000000	0.000000	0.000000	5.452000E-6	0.330678	9.969445E-8	2.655600E-5	0.164154	1.003798E-7
0.000000	0.000000	0.000000	0.000000	0.000000	0.000000	5.452000E-6	0.356922	1.037602E-7	2.655600E-5	0.162950	9.961751E-8
0.000000	0.000000	0.000000	0.000000	0.000000	0.000000	5.452000E-6	0.357919	1.036402E-7	2.655200E-5	0.162052	9.957251E-8
0.000000	0.000000	0.000000	0.000000	0.000000	0.000000	5.456000E-6	0.330983	1.000718E-7	2.655600E-5	0.165786	1.003209E-7
0.000000	0.000000	0.000000	0.000000	0.000000	0.000000	5.456000E-6	0.331778	9.911369E-8	2.655600E-5	0.163936	1.011953E-7
0.000000	0.000000	0.000000	0.000000	0.000000	0.000000	5.456000E-6	0.330954	9.950612E-8	2.655600E-5	0.162349	1.000202E-7
0.000000	0.000000	0.000000	0.000000	0.000000	0.000000	5.456000E-6	0.330619	9.993436E-8	2.655600E-5	0.165796	1.008704E-7
0.000000	0.000000	0.000000	0.000000	0.000000	0.000000	5.456000E-6	0.330222	9.942385E-8	2.655600E-5	0.164241	1.011637E-7
0.000000	0.000000	0.000000	0.000000	0.000000	0.000000	5.456000E-6	0.329862	9.928423E-8	2.655600E-5	0.165343	1.005521E-7
0.000000	0.000000	0.000000	0.000000	0.000000	0.000000	5.452000E-6	0.357175	1.030662E-7	2.655600E-5	0.164522	9.960452E-8
0.000000	0.000000	0.000000	0.000000	0.000000	0.000000	5.452000E-6	0.331533	1.002148E-7	2.655600E-5	0.164171	9.999436E-8
0.000000	0.000000	0.000000	0.000000	0.000000	0.000000	5.452000E-6	0.332318	1.001302E-7	2.655600E-5	0.164026	1.000922E-7
0.000000	0.000000	0.000000	0.000000	0.000000	0.000000	5.452000E-6	0.331729	9.989924E-8	2.655200E-5	0.164879	1.001336E-7
0.000000	0.000000	0.000000	0.000000	0.000000	0.000000	5.456000E-6	0.331122	9.933049E-8	2.655600E-5	0.164400	1.006399E-7
0.000000	0.000000	0.000000	0.000000	0.000000	0.000000	5.452000E-6	0.357276	1.029938E-7	2.655600E-5	0.163107	1.000827E-7
0.000000	0.000000	0.000000	0.000000	0.000000	0.000000	5.452000E-6	0.331225	9.969872E-8	2.655600E-5	0.165572	1.006950E-7
0.000000	0.000000	0.000000	0.000000	0.000000	0.000000	5.452000E-6	0.356309	1.036435E-7	2.655200E-5	0.161118	9.998891E-8
0.000000	0.000000	0.000000	0.000000	0.000000	0.000000	5.452000E-6	0.332792	9.993483E-8	2.655200E-5	0.162077	9.997496E-8
0.000000	0.000000	0.000000	0.000000	0.000000	0.000000	5.456000E-6	0.331693	9.988545E-8	2.655600E-5	0.163288	9.975815E-8
0.000000	0.000000	0.000000	0.000000	0.000000	0.000000	5.452000E-6	0.332111	9.970678E-8	2.655600E-5	0.163282	1.003835E-7
0.000000	0.000000	0.000000	0.000000	0.000000	0.000000	5.456000E-6	0.332847	9.938881E-8	2.655600E-5	0.165892	1.005033E-7
0.000000	0.000000	0.000000	0.000000	0.000000	0.000000	5.456000E-6	0.328544	9.964909E-8	2.655600E-5	0.163341	1.006998E-7
0.000000	0.000000	0.000000	0.000000	0.000000	0.000000	5.452000E-6	0.332542	9.959187E-8	2.655600E-5	0.165945	9.994195E-8
0.000000	0.000000	0.000000	0.000000	0.000000	0.000000	5.452000E-6	0.357452	1.038132E-7	2.655200E-5	0.163565	9.964717E-8
0.000000	0.000000	0.000000	0.000000	0.000000	0.000000	5.456000E-6	0.357237	1.030611E-7	2.655600E-5	0.161662	1.008455E-7
0.000000	0.000000	0.000000	0.000000	0.000000	0.000000	5.452000E-6	0.332430	9.925042E-8	2.655600E-5	0.163676	1.002089E-7
0.000000	0.000000	0.000000	0.000000	0.000000	0.000000	5.456000E-6	0.362072	1.042285E-7	2.655600E-5	0.162840	9.946757E-8
0.000000	0.000000	0.000000	0.000000	0.000000	0.000000	5.452000E-6	0.333111	9.954208E-8	2.655600E-5	0.163311	9.977580E-8
0.000000	0.000000	0.000000	0.000000	0.000000	0.000000	5.452000E-6	0.332222	1.000173E-7	2.655200E-5	0.162980	1.002100E-7
0.000000	0.000000	0.000000	0.000000	0.000000	0.000000	5.456000E-6	0.333515	9.965631E-8	2.655600E-5	0.163204	1.004089E-7
0.000000	0.000000	0.000000	0.000000	0.000000	0.000000	5.456000E-6	0.332905	9.951745E-8	2.655600E-5	0.165798	1.012985E-7
0.000000	0.000000	0.000000	0.000000	0.000000	0.000000	5.456000E-6	0.330564	9.943146E-8	2.655600E-5	0.163920	1.001827E-7
0.000000	0.000000	0.000000	0.000000	0.000000	0.000000	5.452000E-6	0.332152	9.942315E-8	2.655600E-5	0.163928	1.005119E-7
0.000000	0.000000	0.000000	0.000000	0.000000	0.000000	5.452000E-6	0.330342	1.001458E-7	2.655600E-5	0.164968	1.005300E-7
0.000000	0.000000	0.000000	0.000000	0.000000	0.000000	5.452000E-6	0.332365	1.000235E-7	2.655200E-5	0.164460	9.959389E-8
0.000000	0.000000	0.000000	0.000000	0.000000	0.000000	5.452000E-6	0.357113	1.038821E-7	2.655200E-5	0.161986	1.000635E-7
0.000000	0.000000	0.000000	0.000000	0.000000	0.000000	5.456000E-6	0.332644	9.966204E-8	2.655600E-5	0.164076	1.016174E-7
0.000000	0.000000	0.000000	0.000000	0.000000	0.000000	5.456000E-6	0.331816	9.895124E-8	2.655600E-5	0.162872	1.001625E-7
0.000000	0.000000	0.000000	0.000000	0.000000	0.000000	5.456000E-6	0.330852	9.983632E-8	2.655600E-5	0.164825	1.011746E-7
0.000000	0.000000	0.000000	0.000000	0.000000	0.000000	5.452000E-6	0.332063	9.954248E-8	2.655600E-5	0.163398	1.011170E-7
0.000000	0.000000	0.000000	0.000000	0.000000	0.000000	5.452000E-6	0.358339	1.038378E-7	2.655600E-5	0.165656	1.005010E-7
0.000000	0.000000	0.000000	0.000000	0.000000	0.000000	5.452000E-6	0.357252	1.040362E-7	2.655200E-5	0.165764	1.000606E-7
0.000000	0.000000	0.000000	0.000000	0.000000	0.000000	5.452000E-6	0.356794	1.037406E-7	2.655200E-5	0.162274	9.988846E-8
0.000000	0.000000	0.000000	0.000000	0.000000	0.000000	5.456000E-6	0.331555	9.946942E-8	2.655600E-5	0.163610	1.004739E-7
0.000000	0.000000	0.000000	0.000000	0.000000	0.000000	5.456000E-6	0.333373	9.945024E-8	2.655600E-5	0.163772	1.005020E-7
0.000000	0.000000	0.000000	0.000000	0.000000	0.000000	5.456000E-6	0.332016	9.950639E-8	2.655600E-5	0.162792	1.010872E-7
0.000000	0.000000	0.000000	0.000000	0.000000	0.000000	5.456000E-6	0.330939	9.976683E-8	2.655600E-5	0.163802	1.007408E-7
0.000000	0.000000	0.000000	0.000000	0.000000	0.000000	5.452000E-6	0.356858	1.039064E-7	2.655600E-5	0.164171	1.002534E-7
0.000000	0.000000	0.000000	0.000000	0.000000	0.000000	5.452000E-6	0.331048	1.001296E-7	2.655600E-5	0.163949	1.002073E-7
0.000000	0.000000	0.000000	0.000000	0.000000	0.000000	5.452000E-6	0.331454	9.957358E-8	2.655200E-5	0.164363	9.910856E-8
0.000000	0.000000	0.000000	0.000000	0.000000	0.000000	5.456000E-6	0.330685	9.987666E-8	2.655600E-5	0.162816	9.984069E-8
0.000000	0.000000	0.000000	0.000000	0.000000	0.000000	5.456000E-6	0.332729	9.950900E-8	2.655600E-5	0.162391	1.002805E-7
0.000000	0.000000	0.000000	0.000000	0.000000	0.000000	5.456000E-6	0.356577	1.030790E-7	2.655600E-5	0.161202	1.000985E-7
0.000000	0.000000	0.000000	0.000000	0.000000	0.000000	5.452000E-6	0.331308	9.930246E-8	2.655600E-5	0.164530	1.003529E-7
0.000000	0.000000	0.000000	0.000000	0.000000	0.000000	5.452000E-6	0.331702	9.975091E-8	2.655600E-5	0.162896	9.960181E-8
0.000000	0.000000	0.000000	0.000000	0.000000	0.000000	5.452000E-6	0.331330	9.991172E-8	2.655600E-5	0.163605	1.000226E-7
0.000000	0.000000	0.000000	0.000000	0.000000	0.000000	5.452000E-6	0.333023	1.001047E-7	2.655200E-5	0.162479	1.009196E-7
0.000000	0.000000	0.000000	0.000000	0.000000	0.000000	5.456000E-6	0.331740	9.961839E-8	2.655600E-5	0.162830	1.011444E-7
0.000000	0.000000	0.000000	0.000000	0.000000	0.000000	5.456000E-6	0.331680	9.986928E-8	2.655600E-5	0.163572	1.007199E-7
0.000000	0.000000	0.000000	0.000000	0.000000	0.000000	5.456000E-6	0.357925	1.029781E-7	2.655600E-5	0.164180	1.009589E-7
0.000000	0.000000	0.000000	0.000000	0.000000	0.000000	5.456000E-6	0.359101	1.030036E-7	2.655600E-5	0.165184	1.005582E-7
0.000000	0.000000	0.000000	0.000000	0.000000	0.000000	5.452000E-6	0.365206	1.041553E-7	2.655600E-5	0.161997	1.000563E-7
0.000000	0.000000	0.000000	0.000000	0.000000	0.000000	5.452000E-6	0.331913	9.963813E-8	2.655600E-5	0.163218	1.002815E-7
0.000000	0.000000	0.000000	0.000000	0.000000	0.000000	5.452000E-6	0.332671	9.969038E-8	2.655600E-5	0.164997	9.976785E-8
0.000000	0.000000	0.000000	0.000000	0.000000	0.000000	5.452000E-6	0.328755	9.987156E-8	2.655600E-5	0.163307	1.007438E-7
