Trigger Count=1089	Output Count=125	Elapsed Time=21.756	Number of Pulses CH0=2	Number of Pulses CH1=0
le rate (Hz)=2.50E+8	Min record length=11364	Trigger level (V)=0.3000	Channel 0 threshold (V)=0.0250	Channel 1 threshold (V)=0.0200	Range (microseconds)=40.0000	Pulse 2 delay (microseconds)=1.0000	Lower cut-off frequency (Hz)=1.00E+6
                             	                             
Ch0_time1 (s)	Ch0_amp1 (V)	Ch0_width1 (s)	Ch0_time2 (s)	Ch0_amp2 (V)	Ch0_width2 (s)	Ch1_time1 (s)	Ch1_amp1 (V)	Ch1_width1 (s)	Ch1_time2 (s)	Ch1_amp2 (V)	Ch1_width2 (s)
5.452000E-6	0.339728	1.060966E-7	7.552000E-6	0.152406	1.021749E-7	0.000000	0.000000	0.000000	0.000000	0.000000	0.000000
5.456000E-6	0.341889	1.057142E-7	7.556000E-6	0.152028	1.017984E-7	0.000000	0.000000	0.000000	0.000000	0.000000	0.000000
5.452000E-6	0.342024	1.061554E-7	7.552000E-6	0.152537	1.020422E-7	0.000000	0.000000	0.000000	0.000000	0.000000	0.000000
5.452000E-6	0.340497	1.065268E-7	7.552000E-6	0.151910	1.015798E-7	0.000000	0.000000	0.000000	0.000000	0.000000	0.000000
5.452000E-6	0.340452	1.066862E-7	7.552000E-6	0.152304	1.012905E-7	0.000000	0.000000	0.000000	0.000000	0.000000	0.000000
5.452000E-6	0.340622	1.064803E-7	7.552000E-6	0.153093	1.013160E-7	0.000000	0.000000	0.000000	0.000000	0.000000	0.000000
5.452000E-6	0.342700	1.059077E-7	7.552000E-6	0.154386	1.021443E-7	0.000000	0.000000	0.000000	0.000000	0.000000	0.000000
5.452000E-6	0.340020	1.065755E-7	7.552000E-6	0.153641	1.016002E-7	0.000000	0.000000	0.000000	0.000000	0.000000	0.000000
5.452000E-6	0.312752	1.018308E-7	7.552000E-6	0.151151	1.020720E-7	0.000000	0.000000	0.000000	0.000000	0.000000	0.000000
5.452000E-6	0.340632	1.062054E-7	7.552000E-6	0.151879	1.014018E-7	0.000000	0.000000	0.000000	0.000000	0.000000	0.000000
5.452000E-6	0.343383	1.060450E-7	7.552000E-6	0.152105	1.012678E-7	0.000000	0.000000	0.000000	0.000000	0.000000	0.000000
5.452000E-6	0.312348	1.014382E-7	7.552000E-6	0.152812	1.018645E-7	0.000000	0.000000	0.000000	0.000000	0.000000	0.000000
5.452000E-6	0.342491	1.063409E-7	7.552000E-6	0.152522	1.011962E-7	0.000000	0.000000	0.000000	0.000000	0.000000	0.000000
5.452000E-6	0.340866	1.061616E-7	7.552000E-6	0.150409	1.001331E-7	0.000000	0.000000	0.000000	0.000000	0.000000	0.000000
5.452000E-6	0.342548	1.066769E-7	7.552000E-6	0.152414	1.006265E-7	0.000000	0.000000	0.000000	0.000000	0.000000	0.000000
5.452000E-6	0.339422	1.063111E-7	7.552000E-6	0.152329	1.013063E-7	0.000000	0.000000	0.000000	0.000000	0.000000	0.000000
5.452000E-6	0.342066	1.066036E-7	7.552000E-6	0.151888	1.012653E-7	0.000000	0.000000	0.000000	0.000000	0.000000	0.000000
5.452000E-6	0.340197	1.065106E-7	7.552000E-6	0.153000	1.012552E-7	0.000000	0.000000	0.000000	0.000000	0.000000	0.000000
5.452000E-6	0.313217	1.019464E-7	7.552000E-6	0.151523	1.008757E-7	0.000000	0.000000	0.000000	0.000000	0.000000	0.000000
5.452000E-6	0.340594	1.068385E-7	7.552000E-6	0.151291	1.019424E-7	0.000000	0.000000	0.000000	0.000000	0.000000	0.000000
5.452000E-6	0.312208	1.019410E-7	7.552000E-6	0.150426	1.013518E-7	0.000000	0.000000	0.000000	0.000000	0.000000	0.000000
5.452000E-6	0.341131	1.066815E-7	7.552000E-6	0.153227	1.014059E-7	0.000000	0.000000	0.000000	0.000000	0.000000	0.000000
5.452000E-6	0.342772	1.066936E-7	7.552000E-6	0.151665	1.013655E-7	0.000000	0.000000	0.000000	0.000000	0.000000	0.000000
5.452000E-6	0.342361	1.066128E-7	7.552000E-6	0.153233	1.019220E-7	0.000000	0.000000	0.000000	0.000000	0.000000	0.000000
5.452000E-6	0.340650	1.066522E-7	7.552000E-6	0.150844	1.008111E-7	0.000000	0.000000	0.000000	0.000000	0.000000	0.000000
5.452000E-6	0.341881	1.058687E-7	7.552000E-6	0.151901	1.024408E-7	0.000000	0.000000	0.000000	0.000000	0.000000	0.000000
5.452000E-6	0.338338	1.066484E-7	7.552000E-6	0.151539	1.018246E-7	0.000000	0.000000	0.000000	0.000000	0.000000	0.000000
5.452000E-6	0.332282	1.054287E-7	7.552000E-6	0.152339	1.014209E-7	0.000000	0.000000	0.000000	0.000000	0.000000	0.000000
5.452000E-6	0.343323	1.060779E-7	7.552000E-6	0.153189	1.028783E-7	0.000000	0.000000	0.000000	0.000000	0.000000	0.000000
5.452000E-6	0.342532	1.062151E-7	7.552000E-6	0.152443	1.021369E-7	0.000000	0.000000	0.000000	0.000000	0.000000	0.000000
5.452000E-6	0.342764	1.062817E-7	7.552000E-6	0.152856	1.012623E-7	0.000000	0.000000	0.000000	0.000000	0.000000	0.000000
5.452000E-6	0.343263	1.064030E-7	7.552000E-6	0.151741	1.014781E-7	0.000000	0.000000	0.000000	0.000000	0.000000	0.000000
5.452000E-6	0.343150	1.059337E-7	7.552000E-6	0.150790	1.012777E-7	0.000000	0.000000	0.000000	0.000000	0.000000	0.000000
5.452000E-6	0.340999	1.064312E-7	7.552000E-6	0.152189	1.012514E-7	0.000000	0.000000	0.000000	0.000000	0.000000	0.000000
5.452000E-6	0.339647	1.064521E-7	7.552000E-6	0.152431	1.011987E-7	0.000000	0.000000	0.000000	0.000000	0.000000	0.000000
5.452000E-6	0.342221	1.060011E-7	7.552000E-6	0.150323	1.018938E-7	0.000000	0.000000	0.000000	0.000000	0.000000	0.000000
5.452000E-6	0.340900	1.061649E-7	7.552000E-6	0.153283	1.017392E-7	0.000000	0.000000	0.000000	0.000000	0.000000	0.000000
5.452000E-6	0.311416	1.020335E-7	7.552000E-6	0.152046	1.023073E-7	0.000000	0.000000	0.000000	0.000000	0.000000	0.000000
5.452000E-6	0.341035	1.069557E-7	7.552000E-6	0.152180	1.011384E-7	0.000000	0.000000	0.000000	0.000000	0.000000	0.000000
5.452000E-6	0.311999	1.018334E-7	7.552000E-6	0.151315	1.017486E-7	0.000000	0.000000	0.000000	0.000000	0.000000	0.000000
5.452000E-6	0.310955	1.016254E-7	7.552000E-6	0.151411	1.017233E-7	0.000000	0.000000	0.000000	0.000000	0.000000	0.000000
5.452000E-6	0.341732	1.063941E-7	7.552000E-6	0.153046	1.012840E-7	0.000000	0.000000	0.000000	0.000000	0.000000	0.000000
5.452000E-6	0.312528	1.014891E-7	7.552000E-6	0.151937	1.022405E-7	0.000000	0.000000	0.000000	0.000000	0.000000	0.000000
5.452000E-6	0.341728	1.063108E-7	7.556000E-6	0.151038	1.011364E-7	0.000000	0.000000	0.000000	0.000000	0.000000	0.000000
5.452000E-6	0.342985	1.063483E-7	7.552000E-6	0.150609	1.018527E-7	0.000000	0.000000	0.000000	0.000000	0.000000	0.000000
5.452000E-6	0.338918	1.061369E-7	7.552000E-6	0.151640	1.017559E-7	0.000000	0.000000	0.000000	0.000000	0.000000	0.000000
5.452000E-6	0.339755	1.059960E-7	7.552000E-6	0.152957	1.024534E-7	0.000000	0.000000	0.000000	0.000000	0.000000	0.000000
5.452000E-6	0.339616	1.064519E-7	7.552000E-6	0.152328	1.010576E-7	0.000000	0.000000	0.000000	0.000000	0.000000	0.000000
5.452000E-6	0.342375	1.066993E-7	7.552000E-6	0.149579	1.007092E-7	0.000000	0.000000	0.000000	0.000000	0.000000	0.000000
5.452000E-6	0.342361	1.065688E-7	7.552000E-6	0.151585	1.016287E-7	0.000000	0.000000	0.000000	0.000000	0.000000	0.000000
5.452000E-6	0.310073	1.017464E-7	7.552000E-6	0.152028	1.024435E-7	0.000000	0.000000	0.000000	0.000000	0.000000	0.000000
5.452000E-6	0.341547	1.065071E-7	7.552000E-6	0.151119	1.019791E-7	0.000000	0.000000	0.000000	0.000000	0.000000	0.000000
5.452000E-6	0.342018	1.063899E-7	7.552000E-6	0.150452	1.014516E-7	0.000000	0.000000	0.000000	0.000000	0.000000	0.000000
5.452000E-6	0.343198	1.063225E-7	7.552000E-6	0.152493	1.025133E-7	0.000000	0.000000	0.000000	0.000000	0.000000	0.000000
5.452000E-6	0.334159	1.054157E-7	7.552000E-6	0.151501	1.012688E-7	0.000000	0.000000	0.000000	0.000000	0.000000	0.000000
5.452000E-6	0.341265	1.068767E-7	7.552000E-6	0.150665	1.010227E-7	0.000000	0.000000	0.000000	0.000000	0.000000	0.000000
5.452000E-6	0.313970	1.012711E-7	7.552000E-6	0.151472	1.003073E-7	0.000000	0.000000	0.000000	0.000000	0.000000	0.000000
5.452000E-6	0.340916	1.061701E-7	7.552000E-6	0.152996	1.011343E-7	0.000000	0.000000	0.000000	0.000000	0.000000	0.000000
5.452000E-6	0.312149	1.015662E-7	7.552000E-6	0.152533	1.004957E-7	0.000000	0.000000	0.000000	0.000000	0.000000	0.000000
5.452000E-6	0.342321	1.065630E-7	7.552000E-6	0.151841	1.019073E-7	0.000000	0.000000	0.000000	0.000000	0.000000	0.000000
5.452000E-6	0.342485	1.065822E-7	7.552000E-6	0.153126	1.023169E-7	0.000000	0.000000	0.000000	0.000000	0.000000	0.000000
5.452000E-6	0.343789	1.064981E-7	7.552000E-6	0.152481	1.022459E-7	0.000000	0.000000	0.000000	0.000000	0.000000	0.000000
5.452000E-6	0.341036	1.065542E-7	7.552000E-6	0.152807	1.021346E-7	0.000000	0.000000	0.000000	0.000000	0.000000	0.000000
5.452000E-6	0.342213	1.067455E-7	7.552000E-6	0.151123	1.010649E-7	0.000000	0.000000	0.000000	0.000000	0.000000	0.000000
5.452000E-6	0.312084	1.018207E-7	7.552000E-6	0.151704	1.015212E-7	0.000000	0.000000	0.000000	0.000000	0.000000	0.000000
5.452000E-6	0.339997	1.057933E-7	7.552000E-6	0.153473	1.025594E-7	0.000000	0.000000	0.000000	0.000000	0.000000	0.000000
5.452000E-6	0.342531	1.065030E-7	7.552000E-6	0.153724	1.018070E-7	0.000000	0.000000	0.000000	0.000000	0.000000	0.000000
5.452000E-6	0.310665	1.018320E-7	7.552000E-6	0.151478	1.003115E-7	0.000000	0.000000	0.000000	0.000000	0.000000	0.000000
5.452000E-6	0.342592	1.061226E-7	7.552000E-6	0.153249	1.025325E-7	0.000000	0.000000	0.000000	0.000000	0.000000	0.000000
5.452000E-6	0.312953	1.018907E-7	7.552000E-6	0.151055	1.009015E-7	0.000000	0.000000	0.000000	0.000000	0.000000	0.000000
5.452000E-6	0.341777	1.064300E-7	7.552000E-6	0.152125	1.015654E-7	0.000000	0.000000	0.000000	0.000000	0.000000	0.000000
5.452000E-6	0.341528	1.068848E-7	7.552000E-6	0.150776	1.014144E-7	0.000000	0.000000	0.000000	0.000000	0.000000	0.000000
5.452000E-6	0.340653	1.055387E-7	7.556000E-6	0.151601	1.011505E-7	0.000000	0.000000	0.000000	0.000000	0.000000	0.000000
5.452000E-6	0.342743	1.062304E-7	7.552000E-6	0.152579	1.017901E-7	0.000000	0.000000	0.000000	0.000000	0.000000	0.000000
5.452000E-6	0.342147	1.068189E-7	7.552000E-6	0.152171	1.015758E-7	0.000000	0.000000	0.000000	0.000000	0.000000	0.000000
5.452000E-6	0.310859	1.017632E-7	7.552000E-6	0.152193	1.018468E-7	0.000000	0.000000	0.000000	0.000000	0.000000	0.000000
5.452000E-6	0.342416	1.066242E-7	7.552000E-6	0.150825	1.012798E-7	0.000000	0.000000	0.000000	0.000000	0.000000	0.000000
5.452000E-6	0.342577	1.068391E-7	7.552000E-6	0.151917	1.020174E-7	0.000000	0.000000	0.000000	0.000000	0.000000	0.000000
5.452000E-6	0.338297	1.056347E-7	7.552000E-6	0.150260	1.014606E-7	0.000000	0.000000	0.000000	0.000000	0.000000	0.000000
5.452000E-6	0.341675	1.065986E-7	7.552000E-6	0.153056	1.016225E-7	0.000000	0.000000	0.000000	0.000000	0.000000	0.000000
5.452000E-6	0.312421	1.022534E-7	7.552000E-6	0.150032	1.022362E-7	0.000000	0.000000	0.000000	0.000000	0.000000	0.000000
5.452000E-6	0.341227	1.065065E-7	7.552000E-6	0.152227	1.015475E-7	0.000000	0.000000	0.000000	0.000000	0.000000	0.000000
5.452000E-6	0.311023	1.017590E-7	7.552000E-6	0.151277	1.015222E-7	0.000000	0.000000	0.000000	0.000000	0.000000	0.000000
5.452000E-6	0.311848	1.020694E-7	7.552000E-6	0.148615	1.015365E-7	0.000000	0.000000	0.000000	0.000000	0.000000	0.000000
5.452000E-6	0.311511	1.020063E-7	7.552000E-6	0.151366	1.010582E-7	0.000000	0.000000	0.000000	0.000000	0.000000	0.000000
5.452000E-6	0.343019	1.063878E-7	7.552000E-6	0.151495	1.013928E-7	0.000000	0.000000	0.000000	0.000000	0.000000	0.000000
5.452000E-6	0.340997	1.062104E-7	7.552000E-6	0.152660	1.017293E-7	0.000000	0.000000	0.000000	0.000000	0.000000	0.000000
5.452000E-6	0.342557	1.060848E-7	7.552000E-6	0.150997	1.007172E-7	0.000000	0.000000	0.000000	0.000000	0.000000	0.000000
5.452000E-6	0.336639	1.058685E-7	7.552000E-6	0.153165	1.015090E-7	0.000000	0.000000	0.000000	0.000000	0.000000	0.000000
5.452000E-6	0.342389	1.064394E-7	7.552000E-6	0.152308	1.016534E-7	0.000000	0.000000	0.000000	0.000000	0.000000	0.000000
5.452000E-6	0.342736	1.064345E-7	7.552000E-6	0.151085	1.018555E-7	0.000000	0.000000	0.000000	0.000000	0.000000	0.000000
5.452000E-6	0.313020	1.009633E-7	7.552000E-6	0.151197	1.034127E-7	0.000000	0.000000	0.000000	0.000000	0.000000	0.000000
5.452000E-6	0.339669	1.062026E-7	7.552000E-6	0.151739	1.018321E-7	0.000000	0.000000	0.000000	0.000000	0.000000	0.000000
5.452000E-6	0.342462	1.066069E-7	7.552000E-6	0.153574	1.029964E-7	0.000000	0.000000	0.000000	0.000000	0.000000	0.000000
5.452000E-6	0.341151	1.067081E-7	7.552000E-6	0.152377	1.017349E-7	0.000000	0.000000	0.000000	0.000000	0.000000	0.000000
5.452000E-6	0.340278	1.068122E-7	7.552000E-6	0.152385	1.016596E-7	0.000000	0.000000	0.000000	0.000000	0.000000	0.000000
5.452000E-6	0.339914	1.062085E-7	7.552000E-6	0.150275	1.014177E-7	0.000000	0.000000	0.000000	0.000000	0.000000	0.000000
5.452000E-6	0.340768	1.060098E-7	7.552000E-6	0.152197	1.016384E-7	0.000000	0.000000	0.000000	0.000000	0.000000	0.000000
5.452000E-6	0.343990	1.064900E-7	7.552000E-6	0.153239	1.023145E-7	0.000000	0.000000	0.000000	0.000000	0.000000	0.000000
5.452000E-6	0.341877	1.061813E-7	7.552000E-6	0.150749	1.012514E-7	0.000000	0.000000	0.000000	0.000000	0.000000	0.000000
5.452000E-6	0.341174	1.068204E-7	7.552000E-6	0.151839	1.018368E-7	0.000000	0.000000	0.000000	0.000000	0.000000	0.000000
5.452000E-6	0.341696	1.066065E-7	7.552000E-6	0.151282	1.014733E-7	0.000000	0.000000	0.000000	0.000000	0.000000	0.000000
5.452000E-6	0.342537	1.064907E-7	7.552000E-6	0.151584	1.018163E-7	0.000000	0.000000	0.000000	0.000000	0.000000	0.000000
5.452000E-6	0.341791	1.067302E-7	7.552000E-6	0.152307	1.012717E-7	0.000000	0.000000	0.000000	0.000000	0.000000	0.000000
5.452000E-6	0.312366	1.019105E-7	7.552000E-6	0.152743	1.018334E-7	0.000000	0.000000	0.000000	0.000000	0.000000	0.000000
5.452000E-6	0.341571	1.065401E-7	7.552000E-6	0.152599	1.015935E-7	0.000000	0.000000	0.000000	0.000000	0.000000	0.000000
5.452000E-6	0.341450	1.066412E-7	7.552000E-6	0.151563	1.006849E-7	0.000000	0.000000	0.000000	0.000000	0.000000	0.000000
5.452000E-6	0.342164	1.065624E-7	7.552000E-6	0.150962	1.017706E-7	0.000000	0.000000	0.000000	0.000000	0.000000	0.000000
5.452000E-6	0.309867	1.021599E-7	7.552000E-6	0.150104	1.020434E-7	0.000000	0.000000	0.000000	0.000000	0.000000	0.000000
5.452000E-6	0.310561	1.020757E-7	7.552000E-6	0.151121	1.009155E-7	0.000000	0.000000	0.000000	0.000000	0.000000	0.000000
5.452000E-6	0.342982	1.067639E-7	7.552000E-6	0.152204	1.019765E-7	0.000000	0.000000	0.000000	0.000000	0.000000	0.000000
5.452000E-6	0.312407	1.015454E-7	7.552000E-6	0.152009	1.021418E-7	0.000000	0.000000	0.000000	0.000000	0.000000	0.000000
5.452000E-6	0.341431	1.062546E-7	7.552000E-6	0.151823	1.011795E-7	0.000000	0.000000	0.000000	0.000000	0.000000	0.000000
5.452000E-6	0.312373	1.015833E-7	7.552000E-6	0.152217	1.014539E-7	0.000000	0.000000	0.000000	0.000000	0.000000	0.000000
5.452000E-6	0.308922	1.018888E-7	7.552000E-6	0.150985	1.015221E-7	0.000000	0.000000	0.000000	0.000000	0.000000	0.000000
5.452000E-6	0.341861	1.065322E-7	7.552000E-6	0.150249	1.008656E-7	0.000000	0.000000	0.000000	0.000000	0.000000	0.000000
5.452000E-6	0.343129	1.064234E-7	7.552000E-6	0.152131	1.010842E-7	0.000000	0.000000	0.000000	0.000000	0.000000	0.000000
5.452000E-6	0.341483	1.062223E-7	7.552000E-6	0.151270	1.022576E-7	0.000000	0.000000	0.000000	0.000000	0.000000	0.000000
5.452000E-6	0.341368	1.065278E-7	7.552000E-6	0.149967	1.014588E-7	0.000000	0.000000	0.000000	0.000000	0.000000	0.000000
5.452000E-6	0.343410	1.058739E-7	7.552000E-6	0.152189	1.019872E-7	0.000000	0.000000	0.000000	0.000000	0.000000	0.000000
5.452000E-6	0.342758	1.066547E-7	7.552000E-6	0.149908	1.008226E-7	0.000000	0.000000	0.000000	0.000000	0.000000	0.000000
5.452000E-6	0.342493	1.066091E-7	7.552000E-6	0.151914	1.020643E-7	0.000000	0.000000	0.000000	0.000000	0.000000	0.000000
5.452000E-6	0.340850	1.059324E-7	7.552000E-6	0.153943	1.023858E-7	0.000000	0.000000	0.000000	0.000000	0.000000	0.000000
5.452000E-6	0.341669	1.071744E-7	7.552000E-6	0.151578	1.008021E-7	0.000000	0.000000	0.000000	0.000000	0.000000	0.000000
5.452000E-6	0.342280	1.067365E-7	7.552000E-6	0.150093	1.009954E-7	0.000000	0.000000	0.000000	0.000000	0.000000	0.000000
