Trigger Count=235	Output Count=161	Elapsed Time=04.673	Number of Pulses CH0=2	Number of Pulses CH1=0
ple rate (Hz)=2.50E+8	Min record length=11364	Trigger level (V)=0.3000	Channel 0 threshold (V)=0.0250	Channel 1 threshold (V)=0.0200	Range (microseconds)=40.0000	Pulse 2 delay (microseconds)=1.0000	Lower cut-off frequency (Hz)=1.00E+6
                             	                             
Ch0_time1 (s)	Ch0_amp1 (V)	Ch0_width1 (s)	Ch0_time2 (s)	Ch0_amp2 (V)	Ch0_width2 (s)	Ch1_time1 (s)	Ch1_amp1 (V)	Ch1_width1 (s)	Ch1_time2 (s)	Ch1_amp2 (V)	Ch1_width2 (s)
5.452000E-6	0.458157	9.929825E-8	7.556000E-6	0.252961	1.039206E-7	0.000000	0.000000	0.000000	0.000000	0.000000	0.000000
5.456000E-6	0.451506	9.922341E-8	7.556000E-6	0.252141	1.030032E-7	0.000000	0.000000	0.000000	0.000000	0.000000	0.000000
5.452000E-6	0.456747	9.925822E-8	7.552000E-6	0.254490	1.029361E-7	0.000000	0.000000	0.000000	0.000000	0.000000	0.000000
5.452000E-6	0.457041	9.918872E-8	7.556000E-6	0.252050	1.039002E-7	0.000000	0.000000	0.000000	0.000000	0.000000	0.000000
5.456000E-6	0.450965	9.917794E-8	7.556000E-6	0.254108	1.036694E-7	0.000000	0.000000	0.000000	0.000000	0.000000	0.000000
5.452000E-6	0.451120	9.952603E-8	7.552000E-6	0.255497	1.037487E-7	0.000000	0.000000	0.000000	0.000000	0.000000	0.000000
5.452000E-6	0.456537	9.929992E-8	7.552000E-6	0.253901	1.037438E-7	0.000000	0.000000	0.000000	0.000000	0.000000	0.000000
5.452000E-6	0.452257	9.857848E-8	7.556000E-6	0.253913	1.034712E-7	0.000000	0.000000	0.000000	0.000000	0.000000	0.000000
5.456000E-6	0.457349	9.956146E-8	7.556000E-6	0.254960	1.039926E-7	0.000000	0.000000	0.000000	0.000000	0.000000	0.000000
5.452000E-6	0.454841	9.975162E-8	7.552000E-6	0.253099	1.034137E-7	0.000000	0.000000	0.000000	0.000000	0.000000	0.000000
5.452000E-6	0.451743	9.938819E-8	7.552000E-6	0.255716	1.039971E-7	0.000000	0.000000	0.000000	0.000000	0.000000	0.000000
5.452000E-6	0.451360	9.882103E-8	7.556000E-6	0.255655	1.041411E-7	0.000000	0.000000	0.000000	0.000000	0.000000	0.000000
5.456000E-6	0.456192	9.959525E-8	7.556000E-6	0.252751	1.035667E-7	0.000000	0.000000	0.000000	0.000000	0.000000	0.000000
5.452000E-6	0.455833	9.899378E-8	7.556000E-6	0.254376	1.041147E-7	0.000000	0.000000	0.000000	0.000000	0.000000	0.000000
5.452000E-6	0.455471	9.976601E-8	7.552000E-6	0.254580	1.031668E-7	0.000000	0.000000	0.000000	0.000000	0.000000	0.000000
5.456000E-6	0.455862	9.994542E-8	7.556000E-6	0.253484	1.040158E-7	0.000000	0.000000	0.000000	0.000000	0.000000	0.000000
5.452000E-6	0.457764	1.000804E-7	7.552000E-6	0.253785	1.027763E-7	0.000000	0.000000	0.000000	0.000000	0.000000	0.000000
5.452000E-6	0.456739	9.911394E-8	7.556000E-6	0.252356	1.032781E-7	0.000000	0.000000	0.000000	0.000000	0.000000	0.000000
5.456000E-6	0.457484	9.924400E-8	7.556000E-6	0.253772	1.042767E-7	0.000000	0.000000	0.000000	0.000000	0.000000	0.000000
5.456000E-6	0.457624	9.965454E-8	7.556000E-6	0.252087	1.034540E-7	0.000000	0.000000	0.000000	0.000000	0.000000	0.000000
5.452000E-6	0.453129	9.945969E-8	7.552000E-6	0.251005	1.032618E-7	0.000000	0.000000	0.000000	0.000000	0.000000	0.000000
5.456000E-6	0.456917	9.948913E-8	7.556000E-6	0.254090	1.045335E-7	0.000000	0.000000	0.000000	0.000000	0.000000	0.000000
5.456000E-6	0.450592	9.940137E-8	7.556000E-6	0.254370	1.034164E-7	0.000000	0.000000	0.000000	0.000000	0.000000	0.000000
5.452000E-6	0.452816	9.939390E-8	7.552000E-6	0.255720	1.031313E-7	0.000000	0.000000	0.000000	0.000000	0.000000	0.000000
5.452000E-6	0.451383	9.882331E-8	7.556000E-6	0.254541	1.036829E-7	0.000000	0.000000	0.000000	0.000000	0.000000	0.000000
5.456000E-6	0.457243	9.976676E-8	7.556000E-6	0.255336	1.034012E-7	0.000000	0.000000	0.000000	0.000000	0.000000	0.000000
5.452000E-6	0.452372	9.920055E-8	7.552000E-6	0.253388	1.036706E-7	0.000000	0.000000	0.000000	0.000000	0.000000	0.000000
5.452000E-6	0.456469	9.909733E-8	7.556000E-6	0.254426	1.045317E-7	0.000000	0.000000	0.000000	0.000000	0.000000	0.000000
5.456000E-6	0.451627	9.939689E-8	7.556000E-6	0.251447	1.039051E-7	0.000000	0.000000	0.000000	0.000000	0.000000	0.000000
5.452000E-6	0.457778	9.990180E-8	7.552000E-6	0.250206	1.031284E-7	0.000000	0.000000	0.000000	0.000000	0.000000	0.000000
5.452000E-6	0.451423	9.898274E-8	7.552000E-6	0.252535	1.034579E-7	0.000000	0.000000	0.000000	0.000000	0.000000	0.000000
5.456000E-6	0.457593	9.975697E-8	7.556000E-6	0.253471	1.040929E-7	0.000000	0.000000	0.000000	0.000000	0.000000	0.000000
5.452000E-6	0.451670	9.939929E-8	7.552000E-6	0.253467	1.025804E-7	0.000000	0.000000	0.000000	0.000000	0.000000	0.000000
5.452000E-6	0.457014	9.913073E-8	7.556000E-6	0.250491	1.032687E-7	0.000000	0.000000	0.000000	0.000000	0.000000	0.000000
5.456000E-6	0.451309	9.862964E-8	7.556000E-6	0.252411	1.039682E-7	0.000000	0.000000	0.000000	0.000000	0.000000	0.000000
5.452000E-6	0.484345	1.025854E-7	7.552000E-6	0.253990	1.031816E-7	0.000000	0.000000	0.000000	0.000000	0.000000	0.000000
5.452000E-6	0.457105	9.925980E-8	7.556000E-6	0.253527	1.035407E-7	0.000000	0.000000	0.000000	0.000000	0.000000	0.000000
5.456000E-6	0.450912	9.911465E-8	7.556000E-6	0.253592	1.036972E-7	0.000000	0.000000	0.000000	0.000000	0.000000	0.000000
5.452000E-6	0.457542	9.948511E-8	7.552000E-6	0.253921	1.036487E-7	0.000000	0.000000	0.000000	0.000000	0.000000	0.000000
5.456000E-6	0.456524	9.956850E-8	7.556000E-6	0.252992	1.035467E-7	0.000000	0.000000	0.000000	0.000000	0.000000	0.000000
5.452000E-6	0.455357	9.968950E-8	7.552000E-6	0.254291	1.033151E-7	0.000000	0.000000	0.000000	0.000000	0.000000	0.000000
5.452000E-6	0.457971	9.930887E-8	7.556000E-6	0.254448	1.041188E-7	0.000000	0.000000	0.000000	0.000000	0.000000	0.000000
5.456000E-6	0.450920	9.896427E-8	7.556000E-6	0.254582	1.041010E-7	0.000000	0.000000	0.000000	0.000000	0.000000	0.000000
5.452000E-6	0.451450	9.905694E-8	7.552000E-6	0.253366	1.029488E-7	0.000000	0.000000	0.000000	0.000000	0.000000	0.000000
5.456000E-6	0.456362	9.942663E-8	7.556000E-6	0.253474	1.033044E-7	0.000000	0.000000	0.000000	0.000000	0.000000	0.000000
5.456000E-6	0.454569	1.000763E-7	7.556000E-6	0.251676	1.025950E-7	0.000000	0.000000	0.000000	0.000000	0.000000	0.000000
5.452000E-6	0.451786	9.918470E-8	7.552000E-6	0.253490	1.029411E-7	0.000000	0.000000	0.000000	0.000000	0.000000	0.000000
5.456000E-6	0.452066	9.916751E-8	7.556000E-6	0.252469	1.041703E-7	0.000000	0.000000	0.000000	0.000000	0.000000	0.000000
5.456000E-6	0.452560	9.946586E-8	7.556000E-6	0.252393	1.033072E-7	0.000000	0.000000	0.000000	0.000000	0.000000	0.000000
5.452000E-6	0.456415	9.933349E-8	7.552000E-6	0.254384	1.032798E-7	0.000000	0.000000	0.000000	0.000000	0.000000	0.000000
5.456000E-6	0.457051	9.967319E-8	7.556000E-6	0.254493	1.039083E-7	0.000000	0.000000	0.000000	0.000000	0.000000	0.000000
5.452000E-6	0.457919	9.971492E-8	7.552000E-6	0.252909	1.039441E-7	0.000000	0.000000	0.000000	0.000000	0.000000	0.000000
5.456000E-6	0.451173	9.903216E-8	7.556000E-6	0.254425	1.035905E-7	0.000000	0.000000	0.000000	0.000000	0.000000	0.000000
5.452000E-6	0.458007	9.988261E-8	7.552000E-6	0.255146	1.036979E-7	0.000000	0.000000	0.000000	0.000000	0.000000	0.000000
5.452000E-6	0.452165	9.896421E-8	7.556000E-6	0.254440	1.035336E-7	0.000000	0.000000	0.000000	0.000000	0.000000	0.000000
5.456000E-6	0.451927	9.930651E-8	7.556000E-6	0.253690	1.030922E-7	0.000000	0.000000	0.000000	0.000000	0.000000	0.000000
5.452000E-6	0.451381	9.964751E-8	7.552000E-6	0.255852	1.034016E-7	0.000000	0.000000	0.000000	0.000000	0.000000	0.000000
5.452000E-6	0.458881	9.947658E-8	7.552000E-6	0.255420	1.031242E-7	0.000000	0.000000	0.000000	0.000000	0.000000	0.000000
5.456000E-6	0.455176	9.959358E-8	7.556000E-6	0.253037	1.036401E-7	0.000000	0.000000	0.000000	0.000000	0.000000	0.000000
5.452000E-6	0.452186	9.954576E-8	7.552000E-6	0.252719	1.039252E-7	0.000000	0.000000	0.000000	0.000000	0.000000	0.000000
5.452000E-6	0.453382	9.897964E-8	7.552000E-6	0.255136	1.042261E-7	0.000000	0.000000	0.000000	0.000000	0.000000	0.000000
5.452000E-6	0.457069	9.999529E-8	7.552000E-6	0.251316	1.025442E-7	0.000000	0.000000	0.000000	0.000000	0.000000	0.000000
5.452000E-6	0.450383	9.933577E-8	7.552000E-6	0.251837	1.032534E-7	0.000000	0.000000	0.000000	0.000000	0.000000	0.000000
5.452000E-6	0.455326	9.925642E-8	7.556000E-6	0.253987	1.043684E-7	0.000000	0.000000	0.000000	0.000000	0.000000	0.000000
5.456000E-6	0.450529	9.891623E-8	7.556000E-6	0.253135	1.034562E-7	0.000000	0.000000	0.000000	0.000000	0.000000	0.000000
5.456000E-6	0.457726	9.980463E-8	7.556000E-6	0.252062	1.032408E-7	0.000000	0.000000	0.000000	0.000000	0.000000	0.000000
5.452000E-6	0.452255	9.932725E-8	7.552000E-6	0.252155	1.031883E-7	0.000000	0.000000	0.000000	0.000000	0.000000	0.000000
5.456000E-6	0.457553	9.963803E-8	7.556000E-6	0.254363	1.038607E-7	0.000000	0.000000	0.000000	0.000000	0.000000	0.000000
5.452000E-6	0.451869	9.946447E-8	7.552000E-6	0.251586	1.033636E-7	0.000000	0.000000	0.000000	0.000000	0.000000	0.000000
5.452000E-6	0.455331	9.998284E-8	7.552000E-6	0.252216	1.036145E-7	0.000000	0.000000	0.000000	0.000000	0.000000	0.000000
5.452000E-6	0.457316	9.931384E-8	7.556000E-6	0.255613	1.038286E-7	0.000000	0.000000	0.000000	0.000000	0.000000	0.000000
5.456000E-6	0.455694	9.971422E-8	7.556000E-6	0.254529	1.032985E-7	0.000000	0.000000	0.000000	0.000000	0.000000	0.000000
5.452000E-6	0.457292	9.947290E-8	7.556000E-6	0.252901	1.036631E-7	0.000000	0.000000	0.000000	0.000000	0.000000	0.000000
5.452000E-6	0.457193	9.913227E-8	7.556000E-6	0.255237	1.040179E-7	0.000000	0.000000	0.000000	0.000000	0.000000	0.000000
5.456000E-6	0.453882	9.916300E-8	7.556000E-6	0.255214	1.041153E-7	0.000000	0.000000	0.000000	0.000000	0.000000	0.000000
5.452000E-6	0.452536	9.938506E-8	7.552000E-6	0.253190	1.036245E-7	0.000000	0.000000	0.000000	0.000000	0.000000	0.000000
5.456000E-6	0.449945	9.915805E-8	7.556000E-6	0.251375	1.035638E-7	0.000000	0.000000	0.000000	0.000000	0.000000	0.000000
5.456000E-6	0.455563	1.000385E-7	7.556000E-6	0.254244	1.030045E-7	0.000000	0.000000	0.000000	0.000000	0.000000	0.000000
5.452000E-6	0.451055	9.889412E-8	7.556000E-6	0.253706	1.031531E-7	0.000000	0.000000	0.000000	0.000000	0.000000	0.000000
5.456000E-6	0.451224	9.880381E-8	7.556000E-6	0.254588	1.037162E-7	0.000000	0.000000	0.000000	0.000000	0.000000	0.000000
5.456000E-6	0.456929	9.947541E-8	7.556000E-6	0.253966	1.039955E-7	0.000000	0.000000	0.000000	0.000000	0.000000	0.000000
5.452000E-6	0.453425	9.935997E-8	7.552000E-6	0.253983	1.034958E-7	0.000000	0.000000	0.000000	0.000000	0.000000	0.000000
5.452000E-6	0.456228	9.948457E-8	7.552000E-6	0.253761	1.034156E-7	0.000000	0.000000	0.000000	0.000000	0.000000	0.000000
5.452000E-6	0.452516	9.906364E-8	7.556000E-6	0.255502	1.034073E-7	0.000000	0.000000	0.000000	0.000000	0.000000	0.000000
5.456000E-6	0.452195	9.920641E-8	7.556000E-6	0.254443	1.038117E-7	0.000000	0.000000	0.000000	0.000000	0.000000	0.000000
5.452000E-6	0.455870	9.937358E-8	7.552000E-6	0.252220	1.028364E-7	0.000000	0.000000	0.000000	0.000000	0.000000	0.000000
5.456000E-6	0.452899	9.887695E-8	7.556000E-6	0.256120	1.041284E-7	0.000000	0.000000	0.000000	0.000000	0.000000	0.000000
5.456000E-6	0.455985	9.983032E-8	7.556000E-6	0.251922	1.026817E-7	0.000000	0.000000	0.000000	0.000000	0.000000	0.000000
5.452000E-6	0.452335	9.936156E-8	7.552000E-6	0.252148	1.027545E-7	0.000000	0.000000	0.000000	0.000000	0.000000	0.000000
5.452000E-6	0.451999	9.871500E-8	7.556000E-6	0.255340	1.032221E-7	0.000000	0.000000	0.000000	0.000000	0.000000	0.000000
5.456000E-6	0.455905	9.942306E-8	7.556000E-6	0.256081	1.041612E-7	0.000000	0.000000	0.000000	0.000000	0.000000	0.000000
5.452000E-6	0.452528	9.908015E-8	7.552000E-6	0.253803	1.035383E-7	0.000000	0.000000	0.000000	0.000000	0.000000	0.000000
5.456000E-6	0.455132	9.920187E-8	7.556000E-6	0.254759	1.039881E-7	0.000000	0.000000	0.000000	0.000000	0.000000	0.000000
5.456000E-6	0.452400	9.936591E-8	7.556000E-6	0.250014	1.031610E-7	0.000000	0.000000	0.000000	0.000000	0.000000	0.000000
5.452000E-6	0.457212	9.957804E-8	7.552000E-6	0.254547	1.033134E-7	0.000000	0.000000	0.000000	0.000000	0.000000	0.000000
5.452000E-6	0.451884	9.905475E-8	7.552000E-6	0.253430	1.035823E-7	0.000000	0.000000	0.000000	0.000000	0.000000	0.000000
5.452000E-6	0.458414	9.903503E-8	7.556000E-6	0.254350	1.038076E-7	0.000000	0.000000	0.000000	0.000000	0.000000	0.000000
5.456000E-6	0.455736	9.971451E-8	7.556000E-6	0.250781	1.031740E-7	0.000000	0.000000	0.000000	0.000000	0.000000	0.000000
5.456000E-6	0.456975	9.976155E-8	7.556000E-6	0.254529	1.036675E-7	0.000000	0.000000	0.000000	0.000000	0.000000	0.000000
5.452000E-6	0.451737	9.919894E-8	7.552000E-6	0.249370	1.025818E-7	0.000000	0.000000	0.000000	0.000000	0.000000	0.000000
5.456000E-6	0.452636	9.883051E-8	7.556000E-6	0.253521	1.037724E-7	0.000000	0.000000	0.000000	0.000000	0.000000	0.000000
5.456000E-6	0.451303	9.920707E-8	7.556000E-6	0.252830	1.039037E-7	0.000000	0.000000	0.000000	0.000000	0.000000	0.000000
5.452000E-6	0.457028	1.000990E-7	7.552000E-6	0.253254	1.033270E-7	0.000000	0.000000	0.000000	0.000000	0.000000	0.000000
5.452000E-6	0.451990	9.900933E-8	7.556000E-6	0.254597	1.035445E-7	0.000000	0.000000	0.000000	0.000000	0.000000	0.000000
5.456000E-6	0.451474	9.921310E-8	7.556000E-6	0.253130	1.034445E-7	0.000000	0.000000	0.000000	0.000000	0.000000	0.000000
5.452000E-6	0.453190	9.956740E-8	7.552000E-6	0.253316	1.033708E-7	0.000000	0.000000	0.000000	0.000000	0.000000	0.000000
5.452000E-6	0.452344	9.872330E-8	7.552000E-6	0.255494	1.035049E-7	0.000000	0.000000	0.000000	0.000000	0.000000	0.000000
5.456000E-6	0.455818	9.993883E-8	7.556000E-6	0.255446	1.038473E-7	0.000000	0.000000	0.000000	0.000000	0.000000	0.000000
5.452000E-6	0.451954	9.926018E-8	7.552000E-6	0.251048	1.029229E-7	0.000000	0.000000	0.000000	0.000000	0.000000	0.000000
5.452000E-6	0.450849	9.899874E-8	7.552000E-6	0.254622	1.034135E-7	0.000000	0.000000	0.000000	0.000000	0.000000	0.000000
5.452000E-6	0.456623	9.928990E-8	7.556000E-6	0.254111	1.036019E-7	0.000000	0.000000	0.000000	0.000000	0.000000	0.000000
5.456000E-6	0.456227	9.957527E-8	7.556000E-6	0.251141	1.040302E-7	0.000000	0.000000	0.000000	0.000000	0.000000	0.000000
5.452000E-6	0.452896	9.945148E-8	7.552000E-6	0.249285	1.028932E-7	0.000000	0.000000	0.000000	0.000000	0.000000	0.000000
5.452000E-6	0.456280	9.922905E-8	7.552000E-6	0.250120	1.025682E-7	0.000000	0.000000	0.000000	0.000000	0.000000	0.000000
5.452000E-6	0.451490	9.941498E-8	7.552000E-6	0.255808	1.041059E-7	0.000000	0.000000	0.000000	0.000000	0.000000	0.000000
5.452000E-6	0.452463	9.912628E-8	7.552000E-6	0.255089	1.025804E-7	0.000000	0.000000	0.000000	0.000000	0.000000	0.000000
5.452000E-6	0.456727	9.940232E-8	7.556000E-6	0.256043	1.040417E-7	0.000000	0.000000	0.000000	0.000000	0.000000	0.000000
5.456000E-6	0.451083	9.896146E-8	7.556000E-6	0.255836	1.041610E-7	0.000000	0.000000	0.000000	0.000000	0.000000	0.000000
5.456000E-6	0.457903	9.999317E-8	7.556000E-6	0.254014	1.038538E-7	0.000000	0.000000	0.000000	0.000000	0.000000	0.000000
5.452000E-6	0.451512	9.928775E-8	7.552000E-6	0.252945	1.030754E-7	0.000000	0.000000	0.000000	0.000000	0.000000	0.000000
5.452000E-6	0.456953	9.919634E-8	7.552000E-6	0.254407	1.033466E-7	0.000000	0.000000	0.000000	0.000000	0.000000	0.000000
5.452000E-6	0.456209	9.941176E-8	7.556000E-6	0.255226	1.042165E-7	0.000000	0.000000	0.000000	0.000000	0.000000	0.000000
5.452000E-6	0.452468	9.913783E-8	7.552000E-6	0.252087	1.028469E-7	0.000000	0.000000	0.000000	0.000000	0.000000	0.000000
5.452000E-6	0.456260	9.919535E-8	7.556000E-6	0.255908	1.036425E-7	0.000000	0.000000	0.000000	0.000000	0.000000	0.000000
5.456000E-6	0.452486	9.905112E-8	7.556000E-6	0.251472	1.038099E-7	0.000000	0.000000	0.000000	0.000000	0.000000	0.000000
5.456000E-6	0.451490	9.947125E-8	7.556000E-6	0.252514	1.026522E-7	0.000000	0.000000	0.000000	0.000000	0.000000	0.000000
5.452000E-6	0.457516	9.969516E-8	7.552000E-6	0.255346	1.032898E-7	0.000000	0.000000	0.000000	0.000000	0.000000	0.000000
5.452000E-6	0.452454	9.869641E-8	7.556000E-6	0.252104	1.039100E-7	0.000000	0.000000	0.000000	0.000000	0.000000	0.000000
5.456000E-6	0.450831	9.883369E-8	7.556000E-6	0.253682	1.042397E-7	0.000000	0.000000	0.000000	0.000000	0.000000	0.000000
5.456000E-6	0.456249	9.990057E-8	7.556000E-6	0.253550	1.032069E-7	0.000000	0.000000	0.000000	0.000000	0.000000	0.000000
5.452000E-6	0.452807	9.938948E-8	7.552000E-6	0.254280	1.041064E-7	0.000000	0.000000	0.000000	0.000000	0.000000	0.000000
5.456000E-6	0.455801	9.941370E-8	7.556000E-6	0.251566	1.036180E-7	0.000000	0.000000	0.000000	0.000000	0.000000	0.000000
5.456000E-6	0.455929	9.949643E-8	7.556000E-6	0.254173	1.036704E-7	0.000000	0.000000	0.000000	0.000000	0.000000	0.000000
5.456000E-6	0.451741	9.957815E-8	7.556000E-6	0.253635	1.039970E-7	0.000000	0.000000	0.000000	0.000000	0.000000	0.000000
5.452000E-6	0.451400	9.895200E-8	7.556000E-6	0.254482	1.038191E-7	0.000000	0.000000	0.000000	0.000000	0.000000	0.000000
5.456000E-6	0.455949	9.931859E-8	7.556000E-6	0.251355	1.036056E-7	0.000000	0.000000	0.000000	0.000000	0.000000	0.000000
5.452000E-6	0.451599	9.927979E-8	7.552000E-6	0.253666	1.037127E-7	0.000000	0.000000	0.000000	0.000000	0.000000	0.000000
5.452000E-6	0.456896	9.929206E-8	7.556000E-6	0.252484	1.035804E-7	0.000000	0.000000	0.000000	0.000000	0.000000	0.000000
5.456000E-6	0.456310	9.911720E-8	7.556000E-6	0.255025	1.044563E-7	0.000000	0.000000	0.000000	0.000000	0.000000	0.000000
5.456000E-6	0.454753	9.979672E-8	7.556000E-6	0.254182	1.036712E-7	0.000000	0.000000	0.000000	0.000000	0.000000	0.000000
5.452000E-6	0.450781	9.931348E-8	7.552000E-6	0.254897	1.033859E-7	0.000000	0.000000	0.000000	0.000000	0.000000	0.000000
5.456000E-6	0.452868	9.948558E-8	7.556000E-6	0.254034	1.043894E-7	0.000000	0.000000	0.000000	0.000000	0.000000	0.000000
5.452000E-6	0.455147	9.981065E-8	7.552000E-6	0.254114	1.037861E-7	0.000000	0.000000	0.000000	0.000000	0.000000	0.000000
5.452000E-6	0.457756	9.937605E-8	7.556000E-6	0.251946	1.038600E-7	0.000000	0.000000	0.000000	0.000000	0.000000	0.000000
5.456000E-6	0.457873	9.911005E-8	7.556000E-6	0.254804	1.044682E-7	0.000000	0.000000	0.000000	0.000000	0.000000	0.000000
5.456000E-6	0.452202	9.923499E-8	7.556000E-6	0.254642	1.033754E-7	0.000000	0.000000	0.000000	0.000000	0.000000	0.000000
5.452000E-6	0.457226	9.978983E-8	7.552000E-6	0.255579	1.032749E-7	0.000000	0.000000	0.000000	0.000000	0.000000	0.000000
5.452000E-6	0.456147	9.945176E-8	7.552000E-6	0.253679	1.036260E-7	0.000000	0.000000	0.000000	0.000000	0.000000	0.000000
5.452000E-6	0.456792	9.925412E-8	7.556000E-6	0.253861	1.041931E-7	0.000000	0.000000	0.000000	0.000000	0.000000	0.000000
5.456000E-6	0.457975	9.942743E-8	7.556000E-6	0.254533	1.039632E-7	0.000000	0.000000	0.000000	0.000000	0.000000	0.000000
5.456000E-6	0.456462	9.985896E-8	7.556000E-6	0.254858	1.031113E-7	0.000000	0.000000	0.000000	0.000000	0.000000	0.000000
5.452000E-6	0.454691	9.984703E-8	7.552000E-6	0.253567	1.036501E-7	0.000000	0.000000	0.000000	0.000000	0.000000	0.000000
5.452000E-6	0.453233	9.901440E-8	7.556000E-6	0.254041	1.039259E-7	0.000000	0.000000	0.000000	0.000000	0.000000	0.000000
5.456000E-6	0.455249	9.958594E-8	7.556000E-6	0.254959	1.039458E-7	0.000000	0.000000	0.000000	0.000000	0.000000	0.000000
5.456000E-6	0.452424	9.945114E-8	7.556000E-6	0.254619	1.038492E-7	0.000000	0.000000	0.000000	0.000000	0.000000	0.000000
5.452000E-6	0.452248	9.851647E-8	7.556000E-6	0.253528	1.037928E-7	0.000000	0.000000	0.000000	0.000000	0.000000	0.000000
5.456000E-6	0.451542	9.928088E-8	7.556000E-6	0.251023	1.030890E-7	0.000000	0.000000	0.000000	0.000000	0.000000	0.000000
5.452000E-6	0.452330	9.906760E-8	7.552000E-6	0.253909	1.033878E-7	0.000000	0.000000	0.000000	0.000000	0.000000	0.000000
5.452000E-6	0.456414	9.981392E-8	7.552000E-6	0.251089	1.028736E-7	0.000000	0.000000	0.000000	0.000000	0.000000	0.000000
5.452000E-6	0.450427	9.877577E-8	7.552000E-6	0.255618	1.037917E-7	0.000000	0.000000	0.000000	0.000000	0.000000	0.000000
5.456000E-6	0.452248	9.908206E-8	7.556000E-6	0.253710	1.042537E-7	0.000000	0.000000	0.000000	0.000000	0.000000	0.000000
