Trigger Count=950	Output Count=331	Elapsed Time=18.977	Number of Pulses CH0=2	Number of Pulses CH1=0
ple rate (Hz)=2.50E+8	Min record length=11364	Trigger level (V)=0.3000	Channel 0 threshold (V)=0.0250	Channel 1 threshold (V)=0.0200	Range (microseconds)=40.0000	Pulse 2 delay (microseconds)=1.0000	Lower cut-off frequency (Hz)=1.00E+6
                             	                             
Ch0_time1 (s)	Ch0_amp1 (V)	Ch0_width1 (s)	Ch0_time2 (s)	Ch0_amp2 (V)	Ch0_width2 (s)	Ch1_time1 (s)	Ch1_amp1 (V)	Ch1_width1 (s)	Ch1_time2 (s)	Ch1_amp2 (V)	Ch1_width2 (s)
5.456000E-6	0.532972	9.792085E-8	7.556000E-6	0.328772	1.052857E-7	0.000000	0.000000	0.000000	0.000000	0.000000	0.000000
5.452000E-6	0.531164	9.732406E-8	7.556000E-6	0.328589	1.049545E-7	0.000000	0.000000	0.000000	0.000000	0.000000	0.000000
5.456000E-6	0.532882	9.814749E-8	7.556000E-6	0.326735	1.046232E-7	0.000000	0.000000	0.000000	0.000000	0.000000	0.000000
5.456000E-6	0.531192	9.817513E-8	7.556000E-6	0.323926	1.048188E-7	0.000000	0.000000	0.000000	0.000000	0.000000	0.000000
5.452000E-6	0.532407	9.768777E-8	7.552000E-6	0.327392	1.049576E-7	0.000000	0.000000	0.000000	0.000000	0.000000	0.000000
5.456000E-6	0.531083	9.784945E-8	7.556000E-6	0.323777	1.044018E-7	0.000000	0.000000	0.000000	0.000000	0.000000	0.000000
5.452000E-6	0.531929	9.764361E-8	7.552000E-6	0.329363	1.046558E-7	0.000000	0.000000	0.000000	0.000000	0.000000	0.000000
5.452000E-6	0.531696	9.796857E-8	7.552000E-6	0.329437	1.045372E-7	0.000000	0.000000	0.000000	0.000000	0.000000	0.000000
5.456000E-6	0.538227	9.774051E-8	7.556000E-6	0.326106	1.045369E-7	0.000000	0.000000	0.000000	0.000000	0.000000	0.000000
5.456000E-6	0.531249	9.826080E-8	7.556000E-6	0.327303	1.051229E-7	0.000000	0.000000	0.000000	0.000000	0.000000	0.000000
5.452000E-6	0.532405	9.759143E-8	7.552000E-6	0.324600	1.046510E-7	0.000000	0.000000	0.000000	0.000000	0.000000	0.000000
5.452000E-6	0.531111	9.795408E-8	7.552000E-6	0.325173	1.042053E-7	0.000000	0.000000	0.000000	0.000000	0.000000	0.000000
5.456000E-6	0.532832	9.778972E-8	7.556000E-6	0.326764	1.049577E-7	0.000000	0.000000	0.000000	0.000000	0.000000	0.000000
5.452000E-6	0.531764	9.764811E-8	7.556000E-6	0.323771	1.041298E-7	0.000000	0.000000	0.000000	0.000000	0.000000	0.000000
5.456000E-6	0.531173	9.798025E-8	7.556000E-6	0.326233	1.050576E-7	0.000000	0.000000	0.000000	0.000000	0.000000	0.000000
5.456000E-6	0.532971	9.772293E-8	7.556000E-6	0.323970	1.044172E-7	0.000000	0.000000	0.000000	0.000000	0.000000	0.000000
5.452000E-6	0.531518	9.805350E-8	7.552000E-6	0.327517	1.045598E-7	0.000000	0.000000	0.000000	0.000000	0.000000	0.000000
5.452000E-6	0.533071	9.747237E-8	7.556000E-6	0.326552	1.053016E-7	0.000000	0.000000	0.000000	0.000000	0.000000	0.000000
5.452000E-6	0.533077	9.721320E-8	7.556000E-6	0.325402	1.044860E-7	0.000000	0.000000	0.000000	0.000000	0.000000	0.000000
5.452000E-6	0.534063	9.771170E-8	7.552000E-6	0.324888	1.039461E-7	0.000000	0.000000	0.000000	0.000000	0.000000	0.000000
5.456000E-6	0.532224	9.782502E-8	7.556000E-6	0.328044	1.049915E-7	0.000000	0.000000	0.000000	0.000000	0.000000	0.000000
5.456000E-6	0.531664	9.801532E-8	7.556000E-6	0.322954	1.046077E-7	0.000000	0.000000	0.000000	0.000000	0.000000	0.000000
5.452000E-6	0.532736	9.807076E-8	7.552000E-6	0.324384	1.040634E-7	0.000000	0.000000	0.000000	0.000000	0.000000	0.000000
5.456000E-6	0.533800	9.796287E-8	7.556000E-6	0.323574	1.044297E-7	0.000000	0.000000	0.000000	0.000000	0.000000	0.000000
5.452000E-6	0.534364	9.763582E-8	7.552000E-6	0.324096	1.051070E-7	0.000000	0.000000	0.000000	0.000000	0.000000	0.000000
5.452000E-6	0.532333	9.782785E-8	7.552000E-6	0.323383	1.041184E-7	0.000000	0.000000	0.000000	0.000000	0.000000	0.000000
5.452000E-6	0.531749	9.741749E-8	7.556000E-6	0.325058	1.047183E-7	0.000000	0.000000	0.000000	0.000000	0.000000	0.000000
5.456000E-6	0.534254	9.814800E-8	7.556000E-6	0.323930	1.046194E-7	0.000000	0.000000	0.000000	0.000000	0.000000	0.000000
5.452000E-6	0.532148	9.756043E-8	7.552000E-6	0.331009	1.048224E-7	0.000000	0.000000	0.000000	0.000000	0.000000	0.000000
5.456000E-6	0.532248	9.793849E-8	7.556000E-6	0.328011	1.049301E-7	0.000000	0.000000	0.000000	0.000000	0.000000	0.000000
5.452000E-6	0.533382	9.792163E-8	7.552000E-6	0.323997	1.042741E-7	0.000000	0.000000	0.000000	0.000000	0.000000	0.000000
5.456000E-6	0.530821	9.798148E-8	7.556000E-6	0.326694	1.048270E-7	0.000000	0.000000	0.000000	0.000000	0.000000	0.000000
5.456000E-6	0.531807	9.820050E-8	7.556000E-6	0.325997	1.041274E-7	0.000000	0.000000	0.000000	0.000000	0.000000	0.000000
5.452000E-6	0.534008	9.758459E-8	7.552000E-6	0.326273	1.043507E-7	0.000000	0.000000	0.000000	0.000000	0.000000	0.000000
5.456000E-6	0.532198	9.787600E-8	7.556000E-6	0.324596	1.044206E-7	0.000000	0.000000	0.000000	0.000000	0.000000	0.000000
5.452000E-6	0.532425	9.740657E-8	7.556000E-6	0.323284	1.042668E-7	0.000000	0.000000	0.000000	0.000000	0.000000	0.000000
5.452000E-6	0.531135	9.756595E-8	7.552000E-6	0.325359	1.042221E-7	0.000000	0.000000	0.000000	0.000000	0.000000	0.000000
5.452000E-6	0.532800	9.764211E-8	7.556000E-6	0.326158	1.051146E-7	0.000000	0.000000	0.000000	0.000000	0.000000	0.000000
5.452000E-6	0.531396	9.783047E-8	7.552000E-6	0.323842	1.039925E-7	0.000000	0.000000	0.000000	0.000000	0.000000	0.000000
5.452000E-6	0.531964	9.751886E-8	7.556000E-6	0.325471	1.048252E-7	0.000000	0.000000	0.000000	0.000000	0.000000	0.000000
5.456000E-6	0.531077	9.821981E-8	7.556000E-6	0.323545	1.044165E-7	0.000000	0.000000	0.000000	0.000000	0.000000	0.000000
5.452000E-6	0.530845	9.804009E-8	7.552000E-6	0.325936	1.044803E-7	0.000000	0.000000	0.000000	0.000000	0.000000	0.000000
5.452000E-6	0.533816	9.743482E-8	7.556000E-6	0.327416	1.050695E-7	0.000000	0.000000	0.000000	0.000000	0.000000	0.000000
5.456000E-6	0.532714	9.802815E-8	7.556000E-6	0.325191	1.044480E-7	0.000000	0.000000	0.000000	0.000000	0.000000	0.000000
5.452000E-6	0.532576	9.807773E-8	7.552000E-6	0.327507	1.038544E-7	0.000000	0.000000	0.000000	0.000000	0.000000	0.000000
5.456000E-6	0.533056	9.803609E-8	7.556000E-6	0.324787	1.040017E-7	0.000000	0.000000	0.000000	0.000000	0.000000	0.000000
5.452000E-6	0.531970	9.743779E-8	7.556000E-6	0.328893	1.050701E-7	0.000000	0.000000	0.000000	0.000000	0.000000	0.000000
5.456000E-6	0.537336	9.842329E-8	7.556000E-6	0.328759	1.047349E-7	0.000000	0.000000	0.000000	0.000000	0.000000	0.000000
5.456000E-6	0.532612	9.742251E-8	7.556000E-6	0.329333	1.052024E-7	0.000000	0.000000	0.000000	0.000000	0.000000	0.000000
5.452000E-6	0.531564	9.796752E-8	7.552000E-6	0.327977	1.043897E-7	0.000000	0.000000	0.000000	0.000000	0.000000	0.000000
5.452000E-6	0.532846	9.734437E-8	7.556000E-6	0.325384	1.044410E-7	0.000000	0.000000	0.000000	0.000000	0.000000	0.000000
5.456000E-6	0.531408	9.793891E-8	7.556000E-6	0.327508	1.049422E-7	0.000000	0.000000	0.000000	0.000000	0.000000	0.000000
5.452000E-6	0.531448	9.718516E-8	7.556000E-6	0.325168	1.042335E-7	0.000000	0.000000	0.000000	0.000000	0.000000	0.000000
5.456000E-6	0.532598	9.768350E-8	7.556000E-6	0.325284	1.044978E-7	0.000000	0.000000	0.000000	0.000000	0.000000	0.000000
5.456000E-6	0.532571	9.793063E-8	7.556000E-6	0.326882	1.046036E-7	0.000000	0.000000	0.000000	0.000000	0.000000	0.000000
5.452000E-6	0.532219	9.787847E-8	7.552000E-6	0.326963	1.039571E-7	0.000000	0.000000	0.000000	0.000000	0.000000	0.000000
5.456000E-6	0.530364	9.774852E-8	7.556000E-6	0.323627	1.045870E-7	0.000000	0.000000	0.000000	0.000000	0.000000	0.000000
5.456000E-6	0.531872	9.806442E-8	7.556000E-6	0.323458	1.043193E-7	0.000000	0.000000	0.000000	0.000000	0.000000	0.000000
5.456000E-6	0.532633	9.745668E-8	7.556000E-6	0.329373	1.054633E-7	0.000000	0.000000	0.000000	0.000000	0.000000	0.000000
5.456000E-6	0.533395	9.797673E-8	7.556000E-6	0.326643	1.049773E-7	0.000000	0.000000	0.000000	0.000000	0.000000	0.000000
5.456000E-6	0.531277	9.793837E-8	7.556000E-6	0.323603	1.040618E-7	0.000000	0.000000	0.000000	0.000000	0.000000	0.000000
5.452000E-6	0.531483	9.751322E-8	7.552000E-6	0.329268	1.048959E-7	0.000000	0.000000	0.000000	0.000000	0.000000	0.000000
5.452000E-6	0.533221	9.721904E-8	7.556000E-6	0.324646	1.041365E-7	0.000000	0.000000	0.000000	0.000000	0.000000	0.000000
5.452000E-6	0.531841	9.775648E-8	7.552000E-6	0.325696	1.040646E-7	0.000000	0.000000	0.000000	0.000000	0.000000	0.000000
5.456000E-6	0.532657	9.780725E-8	7.556000E-6	0.324339	1.044641E-7	0.000000	0.000000	0.000000	0.000000	0.000000	0.000000
5.456000E-6	0.531784	9.824704E-8	7.556000E-6	0.324739	1.040270E-7	0.000000	0.000000	0.000000	0.000000	0.000000	0.000000
5.452000E-6	0.532425	9.758123E-8	7.556000E-6	0.326355	1.044467E-7	0.000000	0.000000	0.000000	0.000000	0.000000	0.000000
5.456000E-6	0.532588	9.800901E-8	7.556000E-6	0.327646	1.047648E-7	0.000000	0.000000	0.000000	0.000000	0.000000	0.000000
5.456000E-6	0.531357	9.760999E-8	7.556000E-6	0.324886	1.049659E-7	0.000000	0.000000	0.000000	0.000000	0.000000	0.000000
5.452000E-6	0.532025	9.775743E-8	7.552000E-6	0.325861	1.042107E-7	0.000000	0.000000	0.000000	0.000000	0.000000	0.000000
5.452000E-6	0.531571	9.728965E-8	7.556000E-6	0.328907	1.052391E-7	0.000000	0.000000	0.000000	0.000000	0.000000	0.000000
5.452000E-6	0.530706	9.757416E-8	7.556000E-6	0.328427	1.050328E-7	0.000000	0.000000	0.000000	0.000000	0.000000	0.000000
5.452000E-6	0.533071	9.803856E-8	7.552000E-6	0.323896	1.045381E-7	0.000000	0.000000	0.000000	0.000000	0.000000	0.000000
5.456000E-6	0.530366	9.771731E-8	7.556000E-6	0.325045	1.047624E-7	0.000000	0.000000	0.000000	0.000000	0.000000	0.000000
5.456000E-6	0.532327	9.798785E-8	7.556000E-6	0.324722	1.040332E-7	0.000000	0.000000	0.000000	0.000000	0.000000	0.000000
5.452000E-6	0.533444	9.751033E-8	7.556000E-6	0.325764	1.048261E-7	0.000000	0.000000	0.000000	0.000000	0.000000	0.000000
5.452000E-6	0.532817	9.749578E-8	7.556000E-6	0.324321	1.045631E-7	0.000000	0.000000	0.000000	0.000000	0.000000	0.000000
5.452000E-6	0.532229	9.753489E-8	7.556000E-6	0.326795	1.046051E-7	0.000000	0.000000	0.000000	0.000000	0.000000	0.000000
5.452000E-6	0.531051	9.751640E-8	7.556000E-6	0.324122	1.048479E-7	0.000000	0.000000	0.000000	0.000000	0.000000	0.000000
5.456000E-6	0.533104	9.785872E-8	7.556000E-6	0.326896	1.049101E-7	0.000000	0.000000	0.000000	0.000000	0.000000	0.000000
5.452000E-6	0.533209	9.777711E-8	7.552000E-6	0.325414	1.034677E-7	0.000000	0.000000	0.000000	0.000000	0.000000	0.000000
5.456000E-6	0.530355	9.815010E-8	7.556000E-6	0.324458	1.036946E-7	0.000000	0.000000	0.000000	0.000000	0.000000	0.000000
5.452000E-6	0.531915	9.750460E-8	7.552000E-6	0.329451	1.049625E-7	0.000000	0.000000	0.000000	0.000000	0.000000	0.000000
5.456000E-6	0.531924	9.774683E-8	7.556000E-6	0.324258	1.043010E-7	0.000000	0.000000	0.000000	0.000000	0.000000	0.000000
5.452000E-6	0.530465	9.805483E-8	7.552000E-6	0.325014	1.040187E-7	0.000000	0.000000	0.000000	0.000000	0.000000	0.000000
5.456000E-6	0.532206	9.826981E-8	7.556000E-6	0.323640	1.042285E-7	0.000000	0.000000	0.000000	0.000000	0.000000	0.000000
5.452000E-6	0.532071	9.774501E-8	7.552000E-6	0.327204	1.049095E-7	0.000000	0.000000	0.000000	0.000000	0.000000	0.000000
5.452000E-6	0.532467	9.735443E-8	7.556000E-6	0.325882	1.045116E-7	0.000000	0.000000	0.000000	0.000000	0.000000	0.000000
5.452000E-6	0.532577	9.749479E-8	7.552000E-6	0.327762	1.046367E-7	0.000000	0.000000	0.000000	0.000000	0.000000	0.000000
5.456000E-6	0.533617	9.745797E-8	7.556000E-6	0.327081	1.052102E-7	0.000000	0.000000	0.000000	0.000000	0.000000	0.000000
5.452000E-6	0.531505	9.801686E-8	7.552000E-6	0.324694	1.043295E-7	0.000000	0.000000	0.000000	0.000000	0.000000	0.000000
5.452000E-6	0.530668	9.767368E-8	7.556000E-6	0.325469	1.048439E-7	0.000000	0.000000	0.000000	0.000000	0.000000	0.000000
5.452000E-6	0.531878	9.727274E-8	7.552000E-6	0.324681	1.040371E-7	0.000000	0.000000	0.000000	0.000000	0.000000	0.000000
5.452000E-6	0.532114	9.736792E-8	7.556000E-6	0.324717	1.049772E-7	0.000000	0.000000	0.000000	0.000000	0.000000	0.000000
5.456000E-6	0.531703	9.784652E-8	7.556000E-6	0.327148	1.048532E-7	0.000000	0.000000	0.000000	0.000000	0.000000	0.000000
5.452000E-6	0.531651	9.812317E-8	7.552000E-6	0.328356	1.046614E-7	0.000000	0.000000	0.000000	0.000000	0.000000	0.000000
5.452000E-6	0.533225	9.766054E-8	7.552000E-6	0.323738	1.046209E-7	0.000000	0.000000	0.000000	0.000000	0.000000	0.000000
5.456000E-6	0.533795	9.773364E-8	7.556000E-6	0.324397	1.049856E-7	0.000000	0.000000	0.000000	0.000000	0.000000	0.000000
5.456000E-6	0.532743	9.817924E-8	7.556000E-6	0.327122	1.047969E-7	0.000000	0.000000	0.000000	0.000000	0.000000	0.000000
5.456000E-6	0.532355	9.799687E-8	7.556000E-6	0.324373	1.042976E-7	0.000000	0.000000	0.000000	0.000000	0.000000	0.000000
5.452000E-6	0.531452	9.799655E-8	7.552000E-6	0.329124	1.042453E-7	0.000000	0.000000	0.000000	0.000000	0.000000	0.000000
5.456000E-6	0.531808	9.814693E-8	7.556000E-6	0.327831	1.041679E-7	0.000000	0.000000	0.000000	0.000000	0.000000	0.000000
5.456000E-6	0.531984	9.784537E-8	7.556000E-6	0.328371	1.049275E-7	0.000000	0.000000	0.000000	0.000000	0.000000	0.000000
5.452000E-6	0.533781	9.774014E-8	7.552000E-6	0.325474	1.043396E-7	0.000000	0.000000	0.000000	0.000000	0.000000	0.000000
5.452000E-6	0.533602	9.736924E-8	7.556000E-6	0.326929	1.045262E-7	0.000000	0.000000	0.000000	0.000000	0.000000	0.000000
5.452000E-6	0.532934	9.745237E-8	7.552000E-6	0.325634	1.043627E-7	0.000000	0.000000	0.000000	0.000000	0.000000	0.000000
5.456000E-6	0.532254	9.771612E-8	7.556000E-6	0.325703	1.045521E-7	0.000000	0.000000	0.000000	0.000000	0.000000	0.000000
5.452000E-6	0.532034	9.792614E-8	7.552000E-6	0.324010	1.039110E-7	0.000000	0.000000	0.000000	0.000000	0.000000	0.000000
5.452000E-6	0.532468	9.696671E-8	7.556000E-6	0.328682	1.052819E-7	0.000000	0.000000	0.000000	0.000000	0.000000	0.000000
5.456000E-6	0.531503	9.800797E-8	7.556000E-6	0.327248	1.045791E-7	0.000000	0.000000	0.000000	0.000000	0.000000	0.000000
5.452000E-6	0.532508	9.770548E-8	7.552000E-6	0.325319	1.044323E-7	0.000000	0.000000	0.000000	0.000000	0.000000	0.000000
5.456000E-6	0.532689	9.767820E-8	7.556000E-6	0.328484	1.053553E-7	0.000000	0.000000	0.000000	0.000000	0.000000	0.000000
5.452000E-6	0.531369	9.836630E-8	7.552000E-6	0.327330	1.044875E-7	0.000000	0.000000	0.000000	0.000000	0.000000	0.000000
5.452000E-6	0.533203	9.766769E-8	7.552000E-6	0.329278	1.049769E-7	0.000000	0.000000	0.000000	0.000000	0.000000	0.000000
5.456000E-6	0.531960	9.773773E-8	7.556000E-6	0.328867	1.049737E-7	0.000000	0.000000	0.000000	0.000000	0.000000	0.000000
5.456000E-6	0.533653	9.798232E-8	7.556000E-6	0.324971	1.039247E-7	0.000000	0.000000	0.000000	0.000000	0.000000	0.000000
5.456000E-6	0.531893	9.788537E-8	7.556000E-6	0.328591	1.048951E-7	0.000000	0.000000	0.000000	0.000000	0.000000	0.000000
5.452000E-6	0.531985	9.800243E-8	7.552000E-6	0.329174	1.046447E-7	0.000000	0.000000	0.000000	0.000000	0.000000	0.000000
5.456000E-6	0.531593	9.777232E-8	7.556000E-6	0.324148	1.041999E-7	0.000000	0.000000	0.000000	0.000000	0.000000	0.000000
5.452000E-6	0.532782	9.758679E-8	7.552000E-6	0.327014	1.049266E-7	0.000000	0.000000	0.000000	0.000000	0.000000	0.000000
5.452000E-6	0.532399	9.755673E-8	7.556000E-6	0.328123	1.048258E-7	0.000000	0.000000	0.000000	0.000000	0.000000	0.000000
5.452000E-6	0.533410	9.794571E-8	7.552000E-6	0.329207	1.042512E-7	0.000000	0.000000	0.000000	0.000000	0.000000	0.000000
5.456000E-6	0.531808	9.746024E-8	7.556000E-6	0.324495	1.047674E-7	0.000000	0.000000	0.000000	0.000000	0.000000	0.000000
5.452000E-6	0.533817	9.752360E-8	7.556000E-6	0.324971	1.044576E-7	0.000000	0.000000	0.000000	0.000000	0.000000	0.000000
5.456000E-6	0.533174	9.775637E-8	7.556000E-6	0.328691	1.050990E-7	0.000000	0.000000	0.000000	0.000000	0.000000	0.000000
5.456000E-6	0.531709	9.776777E-8	7.556000E-6	0.323828	1.050781E-7	0.000000	0.000000	0.000000	0.000000	0.000000	0.000000
5.452000E-6	0.534270	9.784633E-8	7.552000E-6	0.323706	1.041435E-7	0.000000	0.000000	0.000000	0.000000	0.000000	0.000000
5.452000E-6	0.530516	9.729108E-8	7.556000E-6	0.328267	1.055058E-7	0.000000	0.000000	0.000000	0.000000	0.000000	0.000000
5.456000E-6	0.532435	9.826385E-8	7.556000E-6	0.323263	1.046006E-7	0.000000	0.000000	0.000000	0.000000	0.000000	0.000000
5.452000E-6	0.530966	9.737120E-8	7.556000E-6	0.325803	1.043470E-7	0.000000	0.000000	0.000000	0.000000	0.000000	0.000000
5.456000E-6	0.531537	9.810074E-8	7.556000E-6	0.327652	1.052391E-7	0.000000	0.000000	0.000000	0.000000	0.000000	0.000000
5.456000E-6	0.532531	9.758941E-8	7.556000E-6	0.328852	1.052228E-7	0.000000	0.000000	0.000000	0.000000	0.000000	0.000000
5.452000E-6	0.533731	9.786768E-8	7.552000E-6	0.325063	1.042109E-7	0.000000	0.000000	0.000000	0.000000	0.000000	0.000000
5.456000E-6	0.533133	9.748812E-8	7.556000E-6	0.328059	1.053326E-7	0.000000	0.000000	0.000000	0.000000	0.000000	0.000000
5.456000E-6	0.530273	9.813280E-8	7.556000E-6	0.327533	1.047099E-7	0.000000	0.000000	0.000000	0.000000	0.000000	0.000000
5.452000E-6	0.531644	9.782783E-8	7.552000E-6	0.327126	1.048555E-7	0.000000	0.000000	0.000000	0.000000	0.000000	0.000000
5.456000E-6	0.530838	9.802693E-8	7.556000E-6	0.328116	1.052623E-7	0.000000	0.000000	0.000000	0.000000	0.000000	0.000000
5.456000E-6	0.530687	9.803450E-8	7.556000E-6	0.324412	1.036622E-7	0.000000	0.000000	0.000000	0.000000	0.000000	0.000000
5.452000E-6	0.531469	9.736163E-8	7.556000E-6	0.327238	1.054182E-7	0.000000	0.000000	0.000000	0.000000	0.000000	0.000000
5.456000E-6	0.531569	9.769570E-8	7.556000E-6	0.324293	1.049612E-7	0.000000	0.000000	0.000000	0.000000	0.000000	0.000000
5.456000E-6	0.531378	9.820580E-8	7.556000E-6	0.326581	1.044267E-7	0.000000	0.000000	0.000000	0.000000	0.000000	0.000000
5.452000E-6	0.532359	9.756562E-8	7.556000E-6	0.324837	1.049224E-7	0.000000	0.000000	0.000000	0.000000	0.000000	0.000000
5.452000E-6	0.532389	9.815303E-8	7.552000E-6	0.325878	1.040854E-7	0.000000	0.000000	0.000000	0.000000	0.000000	0.000000
5.456000E-6	0.531741	9.784378E-8	7.556000E-6	0.325032	1.046468E-7	0.000000	0.000000	0.000000	0.000000	0.000000	0.000000
5.452000E-6	0.531909	9.789814E-8	7.552000E-6	0.325597	1.041597E-7	0.000000	0.000000	0.000000	0.000000	0.000000	0.000000
5.456000E-6	0.532008	9.746104E-8	7.556000E-6	0.324797	1.047475E-7	0.000000	0.000000	0.000000	0.000000	0.000000	0.000000
5.452000E-6	0.529703	9.742527E-8	7.556000E-6	0.325133	1.047581E-7	0.000000	0.000000	0.000000	0.000000	0.000000	0.000000
5.452000E-6	0.532338	9.765321E-8	7.552000E-6	0.325737	1.040493E-7	0.000000	0.000000	0.000000	0.000000	0.000000	0.000000
5.456000E-6	0.532464	9.757328E-8	7.556000E-6	0.324308	1.048558E-7	0.000000	0.000000	0.000000	0.000000	0.000000	0.000000
5.452000E-6	0.533756	9.716690E-8	7.556000E-6	0.328816	1.056461E-7	0.000000	0.000000	0.000000	0.000000	0.000000	0.000000
5.456000E-6	0.530339	9.814404E-8	7.556000E-6	0.322625	1.042664E-7	0.000000	0.000000	0.000000	0.000000	0.000000	0.000000
5.456000E-6	0.532469	9.788211E-8	7.556000E-6	0.325321	1.044934E-7	0.000000	0.000000	0.000000	0.000000	0.000000	0.000000
5.452000E-6	0.531696	9.776525E-8	7.552000E-6	0.327960	1.043211E-7	0.000000	0.000000	0.000000	0.000000	0.000000	0.000000
5.452000E-6	0.529647	9.756708E-8	7.556000E-6	0.326082	1.040967E-7	0.000000	0.000000	0.000000	0.000000	0.000000	0.000000
5.456000E-6	0.533052	9.764389E-8	7.556000E-6	0.324326	1.050910E-7	0.000000	0.000000	0.000000	0.000000	0.000000	0.000000
5.456000E-6	0.530357	9.805643E-8	7.556000E-6	0.328886	1.045066E-7	0.000000	0.000000	0.000000	0.000000	0.000000	0.000000
5.456000E-6	0.533881	9.771895E-8	7.556000E-6	0.326175	1.043101E-7	0.000000	0.000000	0.000000	0.000000	0.000000	0.000000
5.456000E-6	0.533840	9.785525E-8	7.556000E-6	0.325291	1.045399E-7	0.000000	0.000000	0.000000	0.000000	0.000000	0.000000
5.456000E-6	0.530771	9.805531E-8	7.556000E-6	0.327153	1.053655E-7	0.000000	0.000000	0.000000	0.000000	0.000000	0.000000
5.456000E-6	0.532971	9.785467E-8	7.556000E-6	0.323765	1.050709E-7	0.000000	0.000000	0.000000	0.000000	0.000000	0.000000
5.452000E-6	0.534322	9.726782E-8	7.556000E-6	0.325206	1.048750E-7	0.000000	0.000000	0.000000	0.000000	0.000000	0.000000
5.456000E-6	0.530599	9.813798E-8	7.556000E-6	0.326032	1.041269E-7	0.000000	0.000000	0.000000	0.000000	0.000000	0.000000
5.452000E-6	0.532868	9.745953E-8	7.552000E-6	0.329022	1.043036E-7	0.000000	0.000000	0.000000	0.000000	0.000000	0.000000
5.456000E-6	0.532648	9.744122E-8	7.556000E-6	0.326730	1.052137E-7	0.000000	0.000000	0.000000	0.000000	0.000000	0.000000
5.452000E-6	0.531876	9.730688E-8	7.556000E-6	0.324964	1.052062E-7	0.000000	0.000000	0.000000	0.000000	0.000000	0.000000
5.456000E-6	0.531851	9.777138E-8	7.556000E-6	0.324681	1.043469E-7	0.000000	0.000000	0.000000	0.000000	0.000000	0.000000
5.452000E-6	0.530524	9.802918E-8	7.552000E-6	0.329559	1.043650E-7	0.000000	0.000000	0.000000	0.000000	0.000000	0.000000
5.456000E-6	0.531611	9.814237E-8	7.556000E-6	0.324753	1.051979E-7	0.000000	0.000000	0.000000	0.000000	0.000000	0.000000
5.452000E-6	0.534107	9.761878E-8	7.556000E-6	0.327014	1.048538E-7	0.000000	0.000000	0.000000	0.000000	0.000000	0.000000
5.456000E-6	0.532087	9.745460E-8	7.556000E-6	0.324697	1.048354E-7	0.000000	0.000000	0.000000	0.000000	0.000000	0.000000
5.456000E-6	0.533462	9.816440E-8	7.556000E-6	0.327503	1.045633E-7	0.000000	0.000000	0.000000	0.000000	0.000000	0.000000
5.456000E-6	0.532888	9.799431E-8	7.556000E-6	0.324885	1.040351E-7	0.000000	0.000000	0.000000	0.000000	0.000000	0.000000
5.456000E-6	0.533024	9.785464E-8	7.556000E-6	0.325720	1.038902E-7	0.000000	0.000000	0.000000	0.000000	0.000000	0.000000
5.452000E-6	0.531553	9.769386E-8	7.552000E-6	0.324965	1.040137E-7	0.000000	0.000000	0.000000	0.000000	0.000000	0.000000
5.452000E-6	0.532812	9.740065E-8	7.556000E-6	0.329282	1.050613E-7	0.000000	0.000000	0.000000	0.000000	0.000000	0.000000
5.456000E-6	0.533578	9.798637E-8	7.556000E-6	0.327932	1.048238E-7	0.000000	0.000000	0.000000	0.000000	0.000000	0.000000
5.456000E-6	0.532362	9.747287E-8	7.556000E-6	0.324270	1.045450E-7	0.000000	0.000000	0.000000	0.000000	0.000000	0.000000
5.452000E-6	0.528910	9.818590E-8	7.552000E-6	0.325810	1.041591E-7	0.000000	0.000000	0.000000	0.000000	0.000000	0.000000
5.456000E-6	0.532157	9.755999E-8	7.556000E-6	0.324620	1.046090E-7	0.000000	0.000000	0.000000	0.000000	0.000000	0.000000
5.456000E-6	0.531841	9.766304E-8	7.556000E-6	0.328919	1.054221E-7	0.000000	0.000000	0.000000	0.000000	0.000000	0.000000
5.452000E-6	0.533630	9.732871E-8	7.556000E-6	0.326986	1.053355E-7	0.000000	0.000000	0.000000	0.000000	0.000000	0.000000
5.456000E-6	0.533279	9.801086E-8	7.556000E-6	0.324955	1.040147E-7	0.000000	0.000000	0.000000	0.000000	0.000000	0.000000
5.452000E-6	0.529554	9.777557E-8	7.552000E-6	0.326287	1.042750E-7	0.000000	0.000000	0.000000	0.000000	0.000000	0.000000
5.456000E-6	0.531835	9.778713E-8	7.556000E-6	0.327705	1.051134E-7	0.000000	0.000000	0.000000	0.000000	0.000000	0.000000
5.456000E-6	0.531418	9.742419E-8	7.556000E-6	0.326658	1.052360E-7	0.000000	0.000000	0.000000	0.000000	0.000000	0.000000
5.456000E-6	0.531723	9.826921E-8	7.556000E-6	0.326406	1.044821E-7	0.000000	0.000000	0.000000	0.000000	0.000000	0.000000
5.452000E-6	0.532185	9.779916E-8	7.552000E-6	0.326291	1.044484E-7	0.000000	0.000000	0.000000	0.000000	0.000000	0.000000
5.456000E-6	0.534151	9.816388E-8	7.556000E-6	0.324110	1.046342E-7	0.000000	0.000000	0.000000	0.000000	0.000000	0.000000
5.456000E-6	0.530488	9.787101E-8	7.556000E-6	0.324233	1.042165E-7	0.000000	0.000000	0.000000	0.000000	0.000000	0.000000
5.452000E-6	0.533075	9.734981E-8	7.556000E-6	0.329869	1.052760E-7	0.000000	0.000000	0.000000	0.000000	0.000000	0.000000
5.452000E-6	0.531167	9.743751E-8	7.556000E-6	0.328706	1.053444E-7	0.000000	0.000000	0.000000	0.000000	0.000000	0.000000
5.452000E-6	0.531702	9.768522E-8	7.552000E-6	0.325012	1.043801E-7	0.000000	0.000000	0.000000	0.000000	0.000000	0.000000
5.456000E-6	0.531974	9.767154E-8	7.556000E-6	0.322870	1.052963E-7	0.000000	0.000000	0.000000	0.000000	0.000000	0.000000
5.456000E-6	0.531468	9.800368E-8	7.556000E-6	0.324151	1.040188E-7	0.000000	0.000000	0.000000	0.000000	0.000000	0.000000
5.452000E-6	0.531204	9.730303E-8	7.556000E-6	0.327861	1.049101E-7	0.000000	0.000000	0.000000	0.000000	0.000000	0.000000
5.456000E-6	0.531503	9.776840E-8	7.556000E-6	0.326282	1.043991E-7	0.000000	0.000000	0.000000	0.000000	0.000000	0.000000
5.452000E-6	0.531359	9.776161E-8	7.552000E-6	0.326192	1.040776E-7	0.000000	0.000000	0.000000	0.000000	0.000000	0.000000
5.452000E-6	0.532342	9.779880E-8	7.552000E-6	0.326816	1.051537E-7	0.000000	0.000000	0.000000	0.000000	0.000000	0.000000
5.456000E-6	0.533200	9.767118E-8	7.556000E-6	0.325482	1.048257E-7	0.000000	0.000000	0.000000	0.000000	0.000000	0.000000
5.452000E-6	0.530832	9.782443E-8	7.552000E-6	0.325695	1.042857E-7	0.000000	0.000000	0.000000	0.000000	0.000000	0.000000
5.452000E-6	0.533051	9.751258E-8	7.556000E-6	0.326337	1.043912E-7	0.000000	0.000000	0.000000	0.000000	0.000000	0.000000
5.452000E-6	0.531157	9.727689E-8	7.556000E-6	0.324794	1.048793E-7	0.000000	0.000000	0.000000	0.000000	0.000000	0.000000
5.452000E-6	0.532320	9.779993E-8	7.552000E-6	0.328437	1.051165E-7	0.000000	0.000000	0.000000	0.000000	0.000000	0.000000
5.452000E-6	0.530673	9.797375E-8	7.552000E-6	0.327009	1.038097E-7	0.000000	0.000000	0.000000	0.000000	0.000000	0.000000
5.452000E-6	0.532067	9.756079E-8	7.556000E-6	0.324608	1.048645E-7	0.000000	0.000000	0.000000	0.000000	0.000000	0.000000
5.456000E-6	0.532090	9.767526E-8	7.556000E-6	0.324394	1.048048E-7	0.000000	0.000000	0.000000	0.000000	0.000000	0.000000
5.456000E-6	0.532532	9.750813E-8	7.556000E-6	0.325229	1.047739E-7	0.000000	0.000000	0.000000	0.000000	0.000000	0.000000
5.452000E-6	0.533031	9.735507E-8	7.556000E-6	0.328939	1.049746E-7	0.000000	0.000000	0.000000	0.000000	0.000000	0.000000
5.456000E-6	0.532136	9.814003E-8	7.556000E-6	0.324837	1.037518E-7	0.000000	0.000000	0.000000	0.000000	0.000000	0.000000
5.452000E-6	0.534083	9.769635E-8	7.552000E-6	0.325095	1.037375E-7	0.000000	0.000000	0.000000	0.000000	0.000000	0.000000
5.456000E-6	0.532549	9.814013E-8	7.556000E-6	0.324622	1.042433E-7	0.000000	0.000000	0.000000	0.000000	0.000000	0.000000
5.452000E-6	0.530970	9.760231E-8	7.552000E-6	0.325188	1.041874E-7	0.000000	0.000000	0.000000	0.000000	0.000000	0.000000
5.456000E-6	0.533820	9.750710E-8	7.556000E-6	0.327563	1.044059E-7	0.000000	0.000000	0.000000	0.000000	0.000000	0.000000
5.452000E-6	0.531459	9.762884E-8	7.552000E-6	0.325885	1.037515E-7	0.000000	0.000000	0.000000	0.000000	0.000000	0.000000
5.456000E-6	0.533600	9.795336E-8	7.556000E-6	0.328605	1.047433E-7	0.000000	0.000000	0.000000	0.000000	0.000000	0.000000
5.456000E-6	0.531901	9.839662E-8	7.556000E-6	0.325488	1.041893E-7	0.000000	0.000000	0.000000	0.000000	0.000000	0.000000
5.456000E-6	0.532721	9.787657E-8	7.556000E-6	0.325186	1.048051E-7	0.000000	0.000000	0.000000	0.000000	0.000000	0.000000
5.452000E-6	0.537189	9.784211E-8	7.556000E-6	0.326781	1.045329E-7	0.000000	0.000000	0.000000	0.000000	0.000000	0.000000
5.456000E-6	0.533753	9.744536E-8	7.556000E-6	0.324979	1.052318E-7	0.000000	0.000000	0.000000	0.000000	0.000000	0.000000
5.456000E-6	0.532674	9.780243E-8	7.556000E-6	0.323800	1.035793E-7	0.000000	0.000000	0.000000	0.000000	0.000000	0.000000
5.452000E-6	0.533393	9.745236E-8	7.556000E-6	0.326644	1.044655E-7	0.000000	0.000000	0.000000	0.000000	0.000000	0.000000
5.452000E-6	0.531595	9.776112E-8	7.552000E-6	0.322868	1.039764E-7	0.000000	0.000000	0.000000	0.000000	0.000000	0.000000
5.456000E-6	0.532527	9.758284E-8	7.556000E-6	0.327770	1.042628E-7	0.000000	0.000000	0.000000	0.000000	0.000000	0.000000
5.452000E-6	0.534765	9.797324E-8	7.552000E-6	0.325103	1.044407E-7	0.000000	0.000000	0.000000	0.000000	0.000000	0.000000
5.456000E-6	0.531973	9.756176E-8	7.556000E-6	0.326125	1.048374E-7	0.000000	0.000000	0.000000	0.000000	0.000000	0.000000
5.456000E-6	0.532326	9.789971E-8	7.556000E-6	0.325793	1.046376E-7	0.000000	0.000000	0.000000	0.000000	0.000000	0.000000
5.452000E-6	0.533194	9.802438E-8	7.552000E-6	0.325212	1.037945E-7	0.000000	0.000000	0.000000	0.000000	0.000000	0.000000
5.456000E-6	0.533872	9.834598E-8	7.556000E-6	0.325619	1.036469E-7	0.000000	0.000000	0.000000	0.000000	0.000000	0.000000
5.452000E-6	0.533432	9.746626E-8	7.556000E-6	0.324845	1.044884E-7	0.000000	0.000000	0.000000	0.000000	0.000000	0.000000
5.452000E-6	0.530929	9.809028E-8	7.552000E-6	0.328613	1.045275E-7	0.000000	0.000000	0.000000	0.000000	0.000000	0.000000
5.456000E-6	0.531412	9.766391E-8	7.556000E-6	0.324086	1.050262E-7	0.000000	0.000000	0.000000	0.000000	0.000000	0.000000
5.456000E-6	0.531062	9.817288E-8	7.556000E-6	0.323267	1.039828E-7	0.000000	0.000000	0.000000	0.000000	0.000000	0.000000
5.456000E-6	0.531059	9.808364E-8	7.556000E-6	0.327641	1.045788E-7	0.000000	0.000000	0.000000	0.000000	0.000000	0.000000
5.456000E-6	0.529930	9.777024E-8	7.556000E-6	0.327379	1.048841E-7	0.000000	0.000000	0.000000	0.000000	0.000000	0.000000
5.452000E-6	0.532657	9.760338E-8	7.552000E-6	0.327857	1.046247E-7	0.000000	0.000000	0.000000	0.000000	0.000000	0.000000
5.452000E-6	0.533072	9.731261E-8	7.556000E-6	0.325739	1.047839E-7	0.000000	0.000000	0.000000	0.000000	0.000000	0.000000
5.452000E-6	0.533427	9.764374E-8	7.552000E-6	0.326074	1.050504E-7	0.000000	0.000000	0.000000	0.000000	0.000000	0.000000
5.456000E-6	0.533915	9.805962E-8	7.556000E-6	0.325721	1.046246E-7	0.000000	0.000000	0.000000	0.000000	0.000000	0.000000
5.456000E-6	0.532095	9.822671E-8	7.556000E-6	0.324842	1.045115E-7	0.000000	0.000000	0.000000	0.000000	0.000000	0.000000
5.452000E-6	0.533454	9.759601E-8	7.552000E-6	0.324973	1.039219E-7	0.000000	0.000000	0.000000	0.000000	0.000000	0.000000
5.456000E-6	0.532693	9.772021E-8	7.556000E-6	0.328871	1.052839E-7	0.000000	0.000000	0.000000	0.000000	0.000000	0.000000
5.452000E-6	0.531127	9.752008E-8	7.556000E-6	0.324812	1.046451E-7	0.000000	0.000000	0.000000	0.000000	0.000000	0.000000
5.456000E-6	0.531353	9.800410E-8	7.556000E-6	0.325052	1.040529E-7	0.000000	0.000000	0.000000	0.000000	0.000000	0.000000
5.452000E-6	0.533111	9.759931E-8	7.552000E-6	0.328151	1.046486E-7	0.000000	0.000000	0.000000	0.000000	0.000000	0.000000
5.456000E-6	0.532148	9.759658E-8	7.556000E-6	0.327660	1.053419E-7	0.000000	0.000000	0.000000	0.000000	0.000000	0.000000
5.456000E-6	0.533543	9.766750E-8	7.556000E-6	0.328679	1.053114E-7	0.000000	0.000000	0.000000	0.000000	0.000000	0.000000
5.452000E-6	0.532327	9.808975E-8	7.552000E-6	0.326184	1.039986E-7	0.000000	0.000000	0.000000	0.000000	0.000000	0.000000
5.452000E-6	0.532983	9.751962E-8	7.556000E-6	0.326176	1.042402E-7	0.000000	0.000000	0.000000	0.000000	0.000000	0.000000
5.452000E-6	0.531549	9.767057E-8	7.552000E-6	0.327348	1.041865E-7	0.000000	0.000000	0.000000	0.000000	0.000000	0.000000
5.452000E-6	0.533139	9.788107E-8	7.552000E-6	0.329476	1.047120E-7	0.000000	0.000000	0.000000	0.000000	0.000000	0.000000
5.456000E-6	0.532542	9.756921E-8	7.556000E-6	0.326457	1.046615E-7	0.000000	0.000000	0.000000	0.000000	0.000000	0.000000
5.456000E-6	0.531831	9.779388E-8	7.556000E-6	0.324626	1.050254E-7	0.000000	0.000000	0.000000	0.000000	0.000000	0.000000
5.456000E-6	0.532337	9.814061E-8	7.556000E-6	0.325199	1.045561E-7	0.000000	0.000000	0.000000	0.000000	0.000000	0.000000
5.456000E-6	0.532656	9.757908E-8	7.556000E-6	0.327530	1.053578E-7	0.000000	0.000000	0.000000	0.000000	0.000000	0.000000
5.452000E-6	0.532109	9.825885E-8	7.552000E-6	0.326920	1.046936E-7	0.000000	0.000000	0.000000	0.000000	0.000000	0.000000
5.452000E-6	0.533203	9.745897E-8	7.556000E-6	0.326244	1.043545E-7	0.000000	0.000000	0.000000	0.000000	0.000000	0.000000
5.452000E-6	0.531811	9.736765E-8	7.556000E-6	0.329601	1.053611E-7	0.000000	0.000000	0.000000	0.000000	0.000000	0.000000
5.456000E-6	0.530149	9.811168E-8	7.556000E-6	0.325544	1.046790E-7	0.000000	0.000000	0.000000	0.000000	0.000000	0.000000
5.452000E-6	0.532937	9.783492E-8	7.552000E-6	0.325332	1.041331E-7	0.000000	0.000000	0.000000	0.000000	0.000000	0.000000
5.456000E-6	0.531942	9.787733E-8	7.556000E-6	0.327490	1.049666E-7	0.000000	0.000000	0.000000	0.000000	0.000000	0.000000
5.456000E-6	0.533139	9.779125E-8	7.556000E-6	0.325476	1.047238E-7	0.000000	0.000000	0.000000	0.000000	0.000000	0.000000
5.456000E-6	0.532004	9.813338E-8	7.556000E-6	0.327186	1.042078E-7	0.000000	0.000000	0.000000	0.000000	0.000000	0.000000
5.452000E-6	0.531666	9.739772E-8	7.556000E-6	0.328222	1.049432E-7	0.000000	0.000000	0.000000	0.000000	0.000000	0.000000
5.452000E-6	0.532748	9.777945E-8	7.552000E-6	0.328908	1.048195E-7	0.000000	0.000000	0.000000	0.000000	0.000000	0.000000
5.452000E-6	0.531809	9.795199E-8	7.552000E-6	0.329064	1.046639E-7	0.000000	0.000000	0.000000	0.000000	0.000000	0.000000
5.452000E-6	0.533640	9.747829E-8	7.556000E-6	0.328759	1.053580E-7	0.000000	0.000000	0.000000	0.000000	0.000000	0.000000
5.452000E-6	0.532992	9.745006E-8	7.556000E-6	0.325483	1.044912E-7	0.000000	0.000000	0.000000	0.000000	0.000000	0.000000
5.452000E-6	0.531616	9.757688E-8	7.552000E-6	0.329592	1.045274E-7	0.000000	0.000000	0.000000	0.000000	0.000000	0.000000
5.452000E-6	0.532612	9.735994E-8	7.556000E-6	0.328330	1.051158E-7	0.000000	0.000000	0.000000	0.000000	0.000000	0.000000
5.456000E-6	0.532022	9.745282E-8	7.556000E-6	0.325742	1.041927E-7	0.000000	0.000000	0.000000	0.000000	0.000000	0.000000
5.452000E-6	0.532128	9.759099E-8	7.556000E-6	0.329071	1.051971E-7	0.000000	0.000000	0.000000	0.000000	0.000000	0.000000
5.456000E-6	0.531444	9.807334E-8	7.556000E-6	0.328176	1.045122E-7	0.000000	0.000000	0.000000	0.000000	0.000000	0.000000
5.452000E-6	0.530127	9.785707E-8	7.552000E-6	0.329068	1.043750E-7	0.000000	0.000000	0.000000	0.000000	0.000000	0.000000
5.452000E-6	0.532651	9.732941E-8	7.552000E-6	0.324866	1.046613E-7	0.000000	0.000000	0.000000	0.000000	0.000000	0.000000
5.456000E-6	0.531767	9.728545E-8	7.556000E-6	0.325286	1.051532E-7	0.000000	0.000000	0.000000	0.000000	0.000000	0.000000
5.456000E-6	0.531087	9.788935E-8	7.556000E-6	0.324029	1.037583E-7	0.000000	0.000000	0.000000	0.000000	0.000000	0.000000
5.452000E-6	0.531030	9.727051E-8	7.556000E-6	0.324897	1.045986E-7	0.000000	0.000000	0.000000	0.000000	0.000000	0.000000
5.452000E-6	0.533793	9.743567E-8	7.556000E-6	0.326483	1.044581E-7	0.000000	0.000000	0.000000	0.000000	0.000000	0.000000
5.456000E-6	0.531581	9.776308E-8	7.556000E-6	0.325569	1.044845E-7	0.000000	0.000000	0.000000	0.000000	0.000000	0.000000
5.456000E-6	0.531526	9.795122E-8	7.556000E-6	0.325695	1.039641E-7	0.000000	0.000000	0.000000	0.000000	0.000000	0.000000
5.456000E-6	0.530454	9.831898E-8	7.556000E-6	0.326733	1.049676E-7	0.000000	0.000000	0.000000	0.000000	0.000000	0.000000
5.456000E-6	0.532343	9.801143E-8	7.556000E-6	0.324506	1.042974E-7	0.000000	0.000000	0.000000	0.000000	0.000000	0.000000
5.456000E-6	0.532454	9.777067E-8	7.556000E-6	0.328778	1.051251E-7	0.000000	0.000000	0.000000	0.000000	0.000000	0.000000
5.452000E-6	0.532477	9.722938E-8	7.556000E-6	0.327920	1.049802E-7	0.000000	0.000000	0.000000	0.000000	0.000000	0.000000
5.456000E-6	0.531513	9.783271E-8	7.556000E-6	0.326206	1.047462E-7	0.000000	0.000000	0.000000	0.000000	0.000000	0.000000
5.456000E-6	0.532128	9.781925E-8	7.556000E-6	0.328585	1.054466E-7	0.000000	0.000000	0.000000	0.000000	0.000000	0.000000
5.452000E-6	0.532211	9.811750E-8	7.552000E-6	0.324421	1.041788E-7	0.000000	0.000000	0.000000	0.000000	0.000000	0.000000
5.456000E-6	0.533576	9.794506E-8	7.556000E-6	0.324151	1.042677E-7	0.000000	0.000000	0.000000	0.000000	0.000000	0.000000
5.456000E-6	0.531918	9.787332E-8	7.556000E-6	0.323282	1.045170E-7	0.000000	0.000000	0.000000	0.000000	0.000000	0.000000
5.452000E-6	0.531914	9.790747E-8	7.552000E-6	0.324169	1.040541E-7	0.000000	0.000000	0.000000	0.000000	0.000000	0.000000
5.452000E-6	0.533094	9.725768E-8	7.556000E-6	0.323646	1.046794E-7	0.000000	0.000000	0.000000	0.000000	0.000000	0.000000
5.456000E-6	0.531177	9.812911E-8	7.556000E-6	0.326426	1.043225E-7	0.000000	0.000000	0.000000	0.000000	0.000000	0.000000
5.456000E-6	0.532077	9.762493E-8	7.556000E-6	0.324270	1.050943E-7	0.000000	0.000000	0.000000	0.000000	0.000000	0.000000
5.452000E-6	0.533138	9.751831E-8	7.556000E-6	0.326084	1.047142E-7	0.000000	0.000000	0.000000	0.000000	0.000000	0.000000
5.456000E-6	0.531767	9.756798E-8	7.556000E-6	0.326806	1.045662E-7	0.000000	0.000000	0.000000	0.000000	0.000000	0.000000
5.452000E-6	0.531127	9.791872E-8	7.552000E-6	0.325174	1.041103E-7	0.000000	0.000000	0.000000	0.000000	0.000000	0.000000
5.456000E-6	0.533020	9.739324E-8	7.556000E-6	0.327427	1.051213E-7	0.000000	0.000000	0.000000	0.000000	0.000000	0.000000
5.452000E-6	0.531156	9.790236E-8	7.552000E-6	0.323878	1.043701E-7	0.000000	0.000000	0.000000	0.000000	0.000000	0.000000
5.456000E-6	0.532095	9.738990E-8	7.556000E-6	0.326649	1.052309E-7	0.000000	0.000000	0.000000	0.000000	0.000000	0.000000
5.456000E-6	0.530923	9.799171E-8	7.556000E-6	0.327121	1.046188E-7	0.000000	0.000000	0.000000	0.000000	0.000000	0.000000
5.456000E-6	0.531637	9.782200E-8	7.556000E-6	0.328616	1.049444E-7	0.000000	0.000000	0.000000	0.000000	0.000000	0.000000
5.456000E-6	0.532448	9.752932E-8	7.556000E-6	0.327298	1.053247E-7	0.000000	0.000000	0.000000	0.000000	0.000000	0.000000
5.452000E-6	0.533631	9.759705E-8	7.552000E-6	0.325138	1.043446E-7	0.000000	0.000000	0.000000	0.000000	0.000000	0.000000
5.456000E-6	0.531251	9.808655E-8	7.556000E-6	0.325209	1.037993E-7	0.000000	0.000000	0.000000	0.000000	0.000000	0.000000
5.456000E-6	0.531831	9.810939E-8	7.556000E-6	0.325713	1.044007E-7	0.000000	0.000000	0.000000	0.000000	0.000000	0.000000
5.452000E-6	0.532848	9.737909E-8	7.556000E-6	0.325637	1.046895E-7	0.000000	0.000000	0.000000	0.000000	0.000000	0.000000
5.456000E-6	0.530588	9.781008E-8	7.556000E-6	0.323170	1.046871E-7	0.000000	0.000000	0.000000	0.000000	0.000000	0.000000
5.452000E-6	0.532568	9.780743E-8	7.552000E-6	0.327314	1.043731E-7	0.000000	0.000000	0.000000	0.000000	0.000000	0.000000
5.452000E-6	0.532704	9.810163E-8	7.552000E-6	0.324234	1.039283E-7	0.000000	0.000000	0.000000	0.000000	0.000000	0.000000
5.452000E-6	0.532045	9.800736E-8	7.552000E-6	0.325254	1.037607E-7	0.000000	0.000000	0.000000	0.000000	0.000000	0.000000
5.456000E-6	0.532734	9.821352E-8	7.556000E-6	0.326971	1.044179E-7	0.000000	0.000000	0.000000	0.000000	0.000000	0.000000
5.452000E-6	0.533144	9.773209E-8	7.552000E-6	0.326585	1.040554E-7	0.000000	0.000000	0.000000	0.000000	0.000000	0.000000
5.452000E-6	0.532273	9.790380E-8	7.552000E-6	0.327054	1.046629E-7	0.000000	0.000000	0.000000	0.000000	0.000000	0.000000
5.456000E-6	0.532108	9.814246E-8	7.556000E-6	0.326830	1.047658E-7	0.000000	0.000000	0.000000	0.000000	0.000000	0.000000
5.456000E-6	0.531645	9.754423E-8	7.556000E-6	0.327784	1.052640E-7	0.000000	0.000000	0.000000	0.000000	0.000000	0.000000
5.452000E-6	0.533378	9.758397E-8	7.556000E-6	0.328249	1.044812E-7	0.000000	0.000000	0.000000	0.000000	0.000000	0.000000
5.456000E-6	0.532107	9.807805E-8	7.556000E-6	0.324600	1.046005E-7	0.000000	0.000000	0.000000	0.000000	0.000000	0.000000
5.452000E-6	0.530808	9.768609E-8	7.552000E-6	0.326432	1.051936E-7	0.000000	0.000000	0.000000	0.000000	0.000000	0.000000
5.456000E-6	0.532720	9.771313E-8	7.556000E-6	0.324584	1.049705E-7	0.000000	0.000000	0.000000	0.000000	0.000000	0.000000
5.452000E-6	0.532228	9.733869E-8	7.556000E-6	0.328307	1.057695E-7	0.000000	0.000000	0.000000	0.000000	0.000000	0.000000
5.452000E-6	0.533985	9.784619E-8	7.552000E-6	0.328656	1.049097E-7	0.000000	0.000000	0.000000	0.000000	0.000000	0.000000
5.452000E-6	0.532019	9.763716E-8	7.552000E-6	0.325884	1.042571E-7	0.000000	0.000000	0.000000	0.000000	0.000000	0.000000
5.456000E-6	0.538484	9.833359E-8	7.556000E-6	0.325229	1.049115E-7	0.000000	0.000000	0.000000	0.000000	0.000000	0.000000
5.456000E-6	0.531862	9.820791E-8	7.556000E-6	0.326574	1.046206E-7	0.000000	0.000000	0.000000	0.000000	0.000000	0.000000
5.452000E-6	0.532287	9.771534E-8	7.552000E-6	0.324589	1.044874E-7	0.000000	0.000000	0.000000	0.000000	0.000000	0.000000
5.452000E-6	0.532474	9.820288E-8	7.552000E-6	0.328429	1.047025E-7	0.000000	0.000000	0.000000	0.000000	0.000000	0.000000
5.452000E-6	0.532067	9.760657E-8	7.552000E-6	0.324654	1.041279E-7	0.000000	0.000000	0.000000	0.000000	0.000000	0.000000
5.456000E-6	0.531634	9.804241E-8	7.556000E-6	0.324791	1.045186E-7	0.000000	0.000000	0.000000	0.000000	0.000000	0.000000
5.456000E-6	0.532703	9.814070E-8	7.556000E-6	0.325533	1.036820E-7	0.000000	0.000000	0.000000	0.000000	0.000000	0.000000
5.452000E-6	0.532438	9.728600E-8	7.556000E-6	0.324399	1.046571E-7	0.000000	0.000000	0.000000	0.000000	0.000000	0.000000
5.456000E-6	0.533331	9.793831E-8	7.556000E-6	0.324606	1.048424E-7	0.000000	0.000000	0.000000	0.000000	0.000000	0.000000
