Trigger count = 	Output count = 
                             	                             
Min sample rate (Hz)=2.50E+8	Min record length=11364	Trigger level (V)=0.3500	Channel 0 threshold (V)=0.0425	Channel 1 threshold (V)=0.0200	Range (microseconds)=40.0000	Pulse 2 delay (microseconds)=0.0000	Lower cut-off frequency (Hz)=1.00E+6
                             	                             
Ch0_time1 (s)	Ch0_amp1 (V)	Ch0_width1 (s)	Ch0_time2 (s)	Ch0_amp2 (V)	Ch0_width2 (s)	Ch1_time1 (s)	Ch1_amp1 (V)	Ch1_width1 (s)	Ch1_time2 (s)	Ch1_amp2 (V)	Ch1_width2 (s)
5.420000E-6	0.360936	7.439176E-8	0.000000	0.000000	0.000000	5.452000E-6	0.018649	6.240392E-8	0.000000	0.000000	0.000000
5.404000E-6	0.433160	7.312193E-8	0.000000	0.000000	0.000000	5.428000E-6	0.086854	7.059560E-8	0.000000	0.000000	0.000000
5.424000E-6	0.309336	6.251275E-8	0.000000	0.000000	0.000000	5.448000E-6	0.026348	6.590923E-8	0.000000	0.000000	0.000000
5.432000E-6	0.204583	6.062466E-8	0.000000	0.000000	0.000000	5.452000E-6	0.040885	6.644795E-8	0.000000	0.000000	0.000000
5.428000E-6	0.247916	6.027997E-8	0.000000	0.000000	0.000000	5.452000E-6	0.012858	5.770864E-8	0.000000	0.000000	0.000000
5.392000E-6	0.551648	7.912659E-8	0.000000	0.000000	0.000000	5.420000E-6	0.015441	5.736583E-8	0.000000	0.000000	0.000000
5.420000E-6	0.336174	7.009939E-8	0.000000	0.000000	0.000000	5.460000E-6	0.014199	6.032733E-8	0.000000	0.000000	0.000000
5.412000E-6	0.396240	7.254497E-8	0.000000	0.000000	0.000000	5.448000E-6	0.016378	5.727731E-8	0.000000	0.000000	0.000000
5.424000E-6	0.272353	6.489745E-8	0.000000	0.000000	0.000000	5.448000E-6	0.034808	6.396587E-8	0.000000	0.000000	0.000000
5.432000E-6	0.211811	6.487122E-8	0.000000	0.000000	0.000000	5.456000E-6	0.015331	5.691679E-8	0.000000	0.000000	0.000000
5.420000E-6	0.347587	6.657021E-8	0.000000	0.000000	0.000000	5.448000E-6	0.023406	5.953318E-8	0.000000	0.000000	0.000000
5.416000E-6	0.372572	6.116725E-8	0.000000	0.000000	0.000000	5.444000E-6	0.033839	6.271303E-8	0.000000	0.000000	0.000000
5.412000E-6	0.386091	6.638215E-8	0.000000	0.000000	0.000000	5.444000E-6	0.019632	7.091140E-8	0.000000	0.000000	0.000000
5.424000E-6	0.282560	6.405680E-8	0.000000	0.000000	0.000000	5.444000E-6	0.037123	6.414727E-8	0.000000	0.000000	0.000000
5.432000E-6	0.246760	6.383358E-8	0.000000	0.000000	0.000000	5.472000E-6	0.013364	6.071702E-8	0.000000	0.000000	0.000000
5.420000E-6	0.344610	7.119698E-8	0.000000	0.000000	0.000000	5.448000E-6	0.023251	7.127302E-8	0.000000	0.000000	0.000000
5.416000E-6	0.373238	6.593415E-8	0.000000	0.000000	0.000000	5.448000E-6	0.017831	6.318187E-8	0.000000	0.000000	0.000000
5.432000E-6	0.242664	5.995185E-8	0.000000	0.000000	0.000000	5.452000E-6	0.022003	7.045130E-8	0.000000	0.000000	0.000000
5.420000E-6	0.367044	6.450283E-8	0.000000	0.000000	0.000000	5.440000E-6	0.041760	6.641771E-8	0.000000	0.000000	0.000000
5.432000E-6	0.251725	6.719292E-8	0.000000	0.000000	0.000000	5.464000E-6	0.015791	6.328584E-8	0.000000	0.000000	0.000000
5.404000E-6	0.471516	6.687032E-8	0.000000	0.000000	0.000000	5.436000E-6	0.017257	7.030255E-8	0.000000	0.000000	0.000000
5.416000E-6	0.378938	6.567673E-8	0.000000	0.000000	0.000000	5.448000E-6	0.016472	6.589778E-8	0.000000	0.000000	0.000000
5.420000E-6	0.288692	6.641198E-8	0.000000	0.000000	0.000000	5.436000E-6	0.057447	6.653484E-8	0.000000	0.000000	0.000000
5.412000E-6	0.421016	6.818727E-8	0.000000	0.000000	0.000000	5.444000E-6	0.013572	6.478556E-8	0.000000	0.000000	0.000000
5.420000E-6	0.301233	6.174906E-8	0.000000	0.000000	0.000000	5.440000E-6	0.041727	7.058630E-8	0.000000	0.000000	0.000000
5.428000E-6	0.265437	6.072017E-8	0.000000	0.000000	0.000000	5.452000E-6	0.038737	6.813778E-8	0.000000	0.000000	0.000000
5.408000E-6	0.484406	6.918215E-8	0.000000	0.000000	0.000000	5.428000E-6	0.056636	6.720320E-8	0.000000	0.000000	0.000000
5.408000E-6	0.450987	6.660518E-8	0.000000	0.000000	0.000000	5.436000E-6	0.024898	5.992359E-8	0.000000	0.000000	0.000000
5.436000E-6	0.230845	7.490318E-8	0.000000	0.000000	0.000000	5.456000E-6	0.028179	6.757060E-8	0.000000	0.000000	0.000000
5.412000E-6	0.396007	6.429750E-8	0.000000	0.000000	0.000000	5.452000E-6	0.001461	1.266245E-7	0.000000	0.000000	0.000000
5.412000E-6	0.393740	6.558494E-8	0.000000	0.000000	0.000000	5.460000E-6	0.021322	6.674624E-8	0.000000	0.000000	0.000000
5.420000E-6	0.272268	7.048136E-8	0.000000	0.000000	0.000000	5.444000E-6	0.025699	6.239092E-8	0.000000	0.000000	0.000000
5.412000E-6	0.398022	6.576191E-8	0.000000	0.000000	0.000000	5.460000E-6	0.008572	7.082992E-8	0.000000	0.000000	0.000000
5.416000E-6	0.377588	6.367415E-8	0.000000	0.000000	0.000000	5.440000E-6	0.040441	6.655979E-8	0.000000	0.000000	0.000000
5.408000E-6	0.394835	6.601301E-8	0.000000	0.000000	0.000000	5.428000E-6	0.052756	6.399039E-8	0.000000	0.000000	0.000000
5.420000E-6	0.287847	6.681219E-8	0.000000	0.000000	0.000000	5.444000E-6	0.023569	7.250463E-8	0.000000	0.000000	0.000000
5.416000E-6	0.356998	6.868975E-8	0.000000	0.000000	0.000000	5.444000E-6	0.025165	6.134227E-8	0.000000	0.000000	0.000000
5.432000E-6	0.244404	6.766600E-8	0.000000	0.000000	0.000000	5.464000E-6	0.013826	6.262061E-8	0.000000	0.000000	0.000000
5.424000E-6	0.330662	6.673061E-8	0.000000	0.000000	0.000000	3.095600E-5	0.034935	6.769278E-8	0.000000	0.000000	0.000000
5.420000E-6	0.334905	7.125288E-8	0.000000	0.000000	0.000000	5.444000E-6	0.019480	7.847763E-8	0.000000	0.000000	0.000000
5.408000E-6	0.471341	6.846000E-8	0.000000	0.000000	0.000000	5.432000E-6	0.017774	6.157429E-8	0.000000	0.000000	0.000000
5.416000E-6	0.348267	6.623772E-8	0.000000	0.000000	0.000000	5.440000E-6	0.035770	7.403656E-8	0.000000	0.000000	0.000000
5.416000E-6	0.387401	6.155124E-8	0.000000	0.000000	0.000000	5.440000E-6	0.042018	6.973980E-8	0.000000	0.000000	0.000000
5.428000E-6	0.244357	6.965060E-8	0.000000	0.000000	0.000000	5.452000E-6	0.017549	6.504673E-8	0.000000	0.000000	0.000000
5.424000E-6	0.247434	6.915445E-8	0.000000	0.000000	0.000000	5.452000E-6	0.026973	6.952577E-8	0.000000	0.000000	0.000000
5.424000E-6	0.263285	6.438930E-8	0.000000	0.000000	0.000000	5.444000E-6	0.026831	6.457757E-8	0.000000	0.000000	0.000000
5.436000E-6	0.199588	6.851626E-8	0.000000	0.000000	0.000000	5.452000E-6	0.024290	6.454718E-8	0.000000	0.000000	0.000000
5.424000E-6	0.305181	6.589684E-8	0.000000	0.000000	0.000000	5.448000E-6	0.044948	6.371428E-8	0.000000	0.000000	0.000000
5.420000E-6	0.371602	6.659006E-8	0.000000	0.000000	0.000000	5.440000E-6	0.043303	6.587621E-8	0.000000	0.000000	0.000000
5.424000E-6	0.320415	6.433004E-8	0.000000	0.000000	0.000000	5.452000E-6	0.021485	6.690803E-8	0.000000	0.000000	0.000000
5.424000E-6	0.276739	7.706323E-8	0.000000	0.000000	0.000000	5.472000E-6	0.010911	6.102297E-8	0.000000	0.000000	0.000000
5.424000E-6	0.316213	6.502684E-8	0.000000	0.000000	0.000000	5.448000E-6	0.020988	6.627771E-8	0.000000	0.000000	0.000000
5.436000E-6	0.205473	6.181089E-8	0.000000	0.000000	0.000000	5.464000E-6	0.013432	6.204981E-8	0.000000	0.000000	0.000000
5.420000E-6	0.311673	6.864885E-8	0.000000	0.000000	0.000000	5.448000E-6	0.014945	6.116230E-8	0.000000	0.000000	0.000000
5.424000E-6	0.297925	6.715182E-8	0.000000	0.000000	0.000000	5.448000E-6	0.031290	6.785095E-8	0.000000	0.000000	0.000000
5.416000E-6	0.391810	6.183114E-8	0.000000	0.000000	0.000000	5.440000E-6	0.045820	7.476654E-8	0.000000	0.000000	0.000000
5.408000E-6	0.383384	6.627003E-8	0.000000	0.000000	0.000000	5.432000E-6	0.044683	7.390952E-8	0.000000	0.000000	0.000000
5.404000E-6	0.472890	6.629525E-8	0.000000	0.000000	0.000000	5.428000E-6	0.041884	6.874444E-8	0.000000	0.000000	0.000000
5.412000E-6	0.350391	6.950267E-8	0.000000	0.000000	0.000000	5.440000E-6	0.016550	5.989433E-8	0.000000	0.000000	0.000000
5.416000E-6	0.339275	6.254501E-8	0.000000	0.000000	0.000000	5.440000E-6	0.025122	6.185681E-8	0.000000	0.000000	0.000000
5.420000E-6	0.328338	6.275395E-8	0.000000	0.000000	0.000000	5.452000E-6	0.036873	6.303954E-8	0.000000	0.000000	0.000000
5.412000E-6	0.430948	6.785650E-8	0.000000	0.000000	0.000000	5.444000E-6	0.016605	6.590758E-8	0.000000	0.000000	0.000000
5.428000E-6	0.261702	6.585818E-8	0.000000	0.000000	0.000000	5.460000E-6	0.014987	5.269984E-8	0.000000	0.000000	0.000000
5.412000E-6	0.360210	6.379541E-8	0.000000	0.000000	0.000000	5.440000E-6	0.044124	6.922874E-8	0.000000	0.000000	0.000000
5.420000E-6	0.334548	6.416624E-8	0.000000	0.000000	0.000000	5.448000E-6	0.023124	6.086130E-8	0.000000	0.000000	0.000000
5.420000E-6	0.295078	6.872006E-8	0.000000	0.000000	0.000000	2.444000E-5	0.017071	5.561775E-8	0.000000	0.000000	0.000000
5.432000E-6	0.213791	6.135562E-8	0.000000	0.000000	0.000000	3.876400E-5	0.013647	5.628051E-8	0.000000	0.000000	0.000000
5.420000E-6	0.324627	6.697192E-8	0.000000	0.000000	0.000000	5.444000E-6	0.019020	6.961938E-8	0.000000	0.000000	0.000000
5.420000E-6	0.319829	6.889655E-8	0.000000	0.000000	0.000000	5.452000E-6	0.015471	5.533759E-8	0.000000	0.000000	0.000000
5.420000E-6	0.316950	6.564009E-8	0.000000	0.000000	0.000000	5.444000E-6	0.036059	7.932615E-8	0.000000	0.000000	0.000000
5.416000E-6	0.356231	6.477872E-8	0.000000	0.000000	0.000000	5.436000E-6	0.052449	6.580795E-8	0.000000	0.000000	0.000000
5.432000E-6	0.222612	6.800288E-8	0.000000	0.000000	0.000000	5.452000E-6	0.039296	6.722892E-8	0.000000	0.000000	0.000000
5.424000E-6	0.297185	6.571095E-8	0.000000	0.000000	0.000000	5.444000E-6	0.043269	7.261370E-8	0.000000	0.000000	0.000000
5.420000E-6	0.315421	6.700082E-8	0.000000	0.000000	0.000000	5.452000E-6	0.020167	5.985108E-8	0.000000	0.000000	0.000000
5.428000E-6	0.291182	6.665655E-8	0.000000	0.000000	0.000000	5.456000E-6	0.015276	5.401863E-8	0.000000	0.000000	0.000000
5.416000E-6	0.319556	6.877404E-8	0.000000	0.000000	0.000000	5.444000E-6	0.031959	6.946378E-8	0.000000	0.000000	0.000000
5.420000E-6	0.323530	6.559961E-8	0.000000	0.000000	0.000000	5.432000E-6	0.127210	7.253435E-8	0.000000	0.000000	0.000000
5.424000E-6	0.327253	6.506301E-8	0.000000	0.000000	0.000000	5.444000E-6	0.034957	7.186542E-8	0.000000	0.000000	0.000000
5.420000E-6	0.367341	6.622195E-8	0.000000	0.000000	0.000000	5.444000E-6	0.039065	7.415009E-8	0.000000	0.000000	0.000000
5.408000E-6	0.465129	6.937518E-8	0.000000	0.000000	0.000000	5.432000E-6	0.041583	6.657186E-8	0.000000	0.000000	0.000000
5.412000E-6	0.406367	6.435682E-8	0.000000	0.000000	0.000000	5.436000E-6	0.040824	6.259810E-8	0.000000	0.000000	0.000000
5.436000E-6	0.209693	6.323450E-8	0.000000	0.000000	0.000000	3.874800E-5	0.027061	6.213479E-8	0.000000	0.000000	0.000000
5.424000E-6	0.319037	7.053980E-8	0.000000	0.000000	0.000000	5.448000E-6	0.038321	6.965140E-8	0.000000	0.000000	0.000000
5.420000E-6	0.300685	6.614534E-8	0.000000	0.000000	0.000000	5.444000E-6	0.024032	6.318766E-8	0.000000	0.000000	0.000000
5.432000E-6	0.212880	6.219550E-8	0.000000	0.000000	0.000000	5.464000E-6	0.014353	5.997272E-8	0.000000	0.000000	0.000000
5.424000E-6	0.338821	6.497312E-8	0.000000	0.000000	0.000000	5.440000E-6	0.038013	6.499335E-8	0.000000	0.000000	0.000000
5.400000E-6	0.529034	7.287795E-8	0.000000	0.000000	0.000000	5.420000E-6	0.033772	6.611332E-8	0.000000	0.000000	0.000000
5.416000E-6	0.303795	6.981923E-8	0.000000	0.000000	0.000000	5.444000E-6	0.014052	6.572469E-8	0.000000	0.000000	0.000000
5.408000E-6	0.437548	6.516728E-8	0.000000	0.000000	0.000000	5.436000E-6	0.025686	7.280708E-8	0.000000	0.000000	0.000000
5.416000E-6	0.355038	6.434392E-8	0.000000	0.000000	0.000000	5.444000E-6	0.017218	6.133089E-8	0.000000	0.000000	0.000000
5.420000E-6	0.302358	6.744474E-8	0.000000	0.000000	0.000000	5.444000E-6	0.036204	6.726022E-8	0.000000	0.000000	0.000000
5.416000E-6	0.373917	6.925326E-8	0.000000	0.000000	0.000000	5.444000E-6	0.031935	6.522999E-8	0.000000	0.000000	0.000000
5.424000E-6	0.260396	6.594481E-8	0.000000	0.000000	0.000000	5.448000E-6	0.030804	6.765371E-8	0.000000	0.000000	0.000000
5.420000E-6	0.338260	6.922815E-8	0.000000	0.000000	0.000000	5.444000E-6	0.041339	6.639135E-8	0.000000	0.000000	0.000000
5.420000E-6	0.336019	6.498413E-8	0.000000	0.000000	0.000000	5.444000E-6	0.033517	6.985426E-8	0.000000	0.000000	0.000000
5.424000E-6	0.267269	6.588804E-8	0.000000	0.000000	0.000000	5.448000E-6	0.046884	6.690853E-8	0.000000	0.000000	0.000000
5.432000E-6	0.240340	6.337307E-8	0.000000	0.000000	0.000000	5.452000E-6	0.016440	5.679061E-8	0.000000	0.000000	0.000000
5.420000E-6	0.320428	6.732677E-8	0.000000	0.000000	0.000000	5.456000E-6	0.013989	5.813719E-8	0.000000	0.000000	0.000000
5.432000E-6	0.233910	6.126794E-8	0.000000	0.000000	0.000000	5.452000E-6	0.020279	5.589091E-8	0.000000	0.000000	0.000000
5.420000E-6	0.324678	6.225462E-8	0.000000	0.000000	0.000000	5.448000E-6	0.006292	5.717054E-8	0.000000	0.000000	0.000000
5.408000E-6	0.419680	6.968716E-8	0.000000	0.000000	0.000000	5.432000E-6	0.037582	6.771889E-8	0.000000	0.000000	0.000000
5.416000E-6	0.338396	6.336291E-8	0.000000	0.000000	0.000000	5.440000E-6	0.026153	6.352229E-8	0.000000	0.000000	0.000000
5.412000E-6	0.366777	6.551516E-8	0.000000	0.000000	0.000000	5.440000E-6	0.028915	6.835654E-8	0.000000	0.000000	0.000000
5.412000E-6	0.338762	6.503277E-8	0.000000	0.000000	0.000000	5.436000E-6	0.040775	7.032084E-8	0.000000	0.000000	0.000000
5.432000E-6	0.247896	6.914772E-8	0.000000	0.000000	0.000000	5.452000E-6	0.035315	7.004369E-8	0.000000	0.000000	0.000000
5.408000E-6	0.455945	6.716299E-8	0.000000	0.000000	0.000000	5.436000E-6	0.024339	7.384543E-8	0.000000	0.000000	0.000000
5.412000E-6	0.416111	6.584178E-8	0.000000	0.000000	0.000000	5.436000E-6	0.030335	6.202456E-8	0.000000	0.000000	0.000000
5.420000E-6	0.348626	6.218259E-8	0.000000	0.000000	0.000000	5.440000E-6	0.040683	6.923525E-8	0.000000	0.000000	0.000000
5.416000E-6	0.309106	6.577960E-8	0.000000	0.000000	0.000000	5.436000E-6	0.045914	7.112022E-8	0.000000	0.000000	0.000000
5.428000E-6	0.276791	6.883926E-8	0.000000	0.000000	0.000000	5.452000E-6	0.038467	6.706884E-8	0.000000	0.000000	0.000000
5.444000E-6	0.179319	6.107972E-8	0.000000	0.000000	0.000000	5.464000E-6	0.030224	6.771990E-8	0.000000	0.000000	0.000000
5.432000E-6	0.198927	6.272538E-8	0.000000	0.000000	0.000000	5.448000E-6	0.048579	6.770587E-8	0.000000	0.000000	0.000000
5.432000E-6	0.237320	6.490320E-8	0.000000	0.000000	0.000000	5.460000E-6	0.017488	6.182879E-8	0.000000	0.000000	0.000000
5.420000E-6	0.323836	6.406691E-8	0.000000	0.000000	0.000000	5.456000E-6	0.006981	1.320352E-7	0.000000	0.000000	0.000000
5.420000E-6	0.313825	7.402190E-8	0.000000	0.000000	0.000000	5.444000E-6	0.036665	6.840316E-8	0.000000	0.000000	0.000000
5.416000E-6	0.365265	6.010120E-8	0.000000	0.000000	0.000000	5.448000E-6	0.021389	6.158414E-8	0.000000	0.000000	0.000000
5.424000E-6	0.276136	7.518260E-8	0.000000	0.000000	0.000000	5.452000E-6	0.026468	6.606065E-8	0.000000	0.000000	0.000000
5.416000E-6	0.345422	6.575925E-8	0.000000	0.000000	0.000000	5.436000E-6	0.039112	6.798718E-8	0.000000	0.000000	0.000000
5.412000E-6	0.360994	6.810493E-8	0.000000	0.000000	0.000000	5.436000E-6	0.041441	6.908389E-8	0.000000	0.000000	0.000000
5.420000E-6	0.354487	7.218299E-8	0.000000	0.000000	0.000000	5.440000E-6	0.039534	6.636254E-8	0.000000	0.000000	0.000000
5.428000E-6	0.288337	7.272152E-8	0.000000	0.000000	0.000000	5.460000E-6	0.011601	6.597682E-8	0.000000	0.000000	0.000000
5.424000E-6	0.325029	6.747005E-8	0.000000	0.000000	0.000000	5.444000E-6	0.037953	7.610530E-8	0.000000	0.000000	0.000000
5.404000E-6	0.452236	6.531720E-8	0.000000	0.000000	0.000000	5.428000E-6	0.035465	6.241422E-8	0.000000	0.000000	0.000000
5.404000E-6	0.469802	6.931762E-8	0.000000	0.000000	0.000000	5.436000E-6	0.040876	6.289177E-8	0.000000	0.000000	0.000000
5.416000E-6	0.402978	6.012113E-8	0.000000	0.000000	0.000000	5.444000E-6	0.016514	6.024354E-8	0.000000	0.000000	0.000000
5.432000E-6	0.232473	6.605297E-8	0.000000	0.000000	0.000000	5.476000E-6	0.016834	7.179659E-8	0.000000	0.000000	0.000000
5.420000E-6	0.353872	6.315955E-8	0.000000	0.000000	0.000000	5.448000E-6	0.020942	7.806423E-8	0.000000	0.000000	0.000000
5.432000E-6	0.271722	7.321781E-8	0.000000	0.000000	0.000000	5.468000E-6	0.007716	7.713209E-8	0.000000	0.000000	0.000000
5.412000E-6	0.419048	6.617652E-8	0.000000	0.000000	0.000000	5.436000E-6	0.037038	6.997951E-8	0.000000	0.000000	0.000000
5.408000E-6	0.435891	6.616281E-8	0.000000	0.000000	0.000000	5.436000E-6	0.041937	6.527882E-8	0.000000	0.000000	0.000000
5.436000E-6	0.226400	6.801769E-8	0.000000	0.000000	0.000000	5.460000E-6	0.036914	7.082230E-8	0.000000	0.000000	0.000000
5.408000E-6	0.412786	6.476707E-8	0.000000	0.000000	0.000000	5.440000E-6	0.012419	5.691939E-8	0.000000	0.000000	0.000000
5.420000E-6	0.362282	6.425429E-8	0.000000	0.000000	0.000000	5.444000E-6	0.034430	6.573159E-8	0.000000	0.000000	0.000000
5.408000E-6	0.426137	6.894882E-8	0.000000	0.000000	0.000000	5.436000E-6	0.021616	5.796838E-8	0.000000	0.000000	0.000000
5.408000E-6	0.399496	6.720387E-8	0.000000	0.000000	0.000000	5.436000E-6	0.029713	6.567161E-8	0.000000	0.000000	0.000000
5.424000E-6	0.264593	6.615774E-8	0.000000	0.000000	0.000000	5.452000E-6	0.032569	7.156532E-8	0.000000	0.000000	0.000000
5.412000E-6	0.391167	7.299322E-8	0.000000	0.000000	0.000000	5.432000E-6	0.037016	6.489780E-8	0.000000	0.000000	0.000000
5.420000E-6	0.327901	6.481326E-8	0.000000	0.000000	0.000000	5.444000E-6	0.044088	6.941527E-8	0.000000	0.000000	0.000000
5.420000E-6	0.312429	6.842800E-8	0.000000	0.000000	0.000000	5.448000E-6	0.018337	6.246265E-8	0.000000	0.000000	0.000000
5.412000E-6	0.406125	6.591471E-8	0.000000	0.000000	0.000000	5.440000E-6	0.039671	6.440803E-8	0.000000	0.000000	0.000000
5.428000E-6	0.288655	7.075638E-8	0.000000	0.000000	0.000000	5.464000E-6	0.012615	7.763166E-8	0.000000	0.000000	0.000000
5.416000E-6	0.342414	6.250351E-8	0.000000	0.000000	0.000000	5.444000E-6	0.019915	5.744010E-8	0.000000	0.000000	0.000000
5.408000E-6	0.429755	6.673423E-8	0.000000	0.000000	0.000000	5.440000E-6	0.018342	6.195653E-8	0.000000	0.000000	0.000000
5.420000E-6	0.312245	6.616542E-8	0.000000	0.000000	0.000000	5.444000E-6	0.027509	6.029355E-8	0.000000	0.000000	0.000000
5.424000E-6	0.287010	6.748585E-8	0.000000	0.000000	0.000000	5.452000E-6	0.016051	6.655934E-8	0.000000	0.000000	0.000000
5.424000E-6	0.288939	5.970014E-8	0.000000	0.000000	0.000000	5.452000E-6	0.022866	6.588238E-8	0.000000	0.000000	0.000000
5.412000E-6	0.341207	6.371650E-8	0.000000	0.000000	0.000000	5.448000E-6	0.018690	6.461339E-8	0.000000	0.000000	0.000000
5.416000E-6	0.363721	6.375197E-8	0.000000	0.000000	0.000000	5.440000E-6	0.031038	6.678547E-8	0.000000	0.000000	0.000000
5.428000E-6	0.244400	6.454770E-8	0.000000	0.000000	0.000000	5.452000E-6	0.015396	5.653375E-8	0.000000	0.000000	0.000000
5.420000E-6	0.303685	6.526772E-8	0.000000	0.000000	0.000000	5.448000E-6	0.016464	6.472136E-8	0.000000	0.000000	0.000000
5.416000E-6	0.315277	6.610220E-8	0.000000	0.000000	0.000000	5.440000E-6	0.043553	6.672724E-8	0.000000	0.000000	0.000000
5.416000E-6	0.353491	6.483695E-8	0.000000	0.000000	0.000000	5.456000E-6	0.017947	6.551090E-8	0.000000	0.000000	0.000000
5.416000E-6	0.301350	6.452087E-8	0.000000	0.000000	0.000000	5.436000E-6	0.055977	6.287417E-8	0.000000	0.000000	0.000000
5.432000E-6	0.237402	6.252577E-8	0.000000	0.000000	0.000000	5.452000E-6	0.027802	6.114853E-8	0.000000	0.000000	0.000000
5.376000E-6	0.591289	8.426912E-8	0.000000	0.000000	0.000000	5.408000E-6	0.025084	8.055785E-8	0.000000	0.000000	0.000000
5.424000E-6	0.287239	7.858433E-8	0.000000	0.000000	0.000000	5.444000E-6	0.023321	6.674608E-8	0.000000	0.000000	0.000000
5.408000E-6	0.461109	6.595816E-8	0.000000	0.000000	0.000000	5.440000E-6	0.021723	6.510797E-8	0.000000	0.000000	0.000000
5.412000E-6	0.350610	6.710860E-8	0.000000	0.000000	0.000000	5.436000E-6	0.025218	8.380445E-8	0.000000	0.000000	0.000000
5.404000E-6	0.497974	6.671714E-8	0.000000	0.000000	0.000000	5.428000E-6	0.028186	7.932543E-8	0.000000	0.000000	0.000000
5.424000E-6	0.276821	6.737391E-8	0.000000	0.000000	0.000000	5.448000E-6	0.039904	6.161202E-8	0.000000	0.000000	0.000000
5.424000E-6	0.258094	6.721954E-8	0.000000	0.000000	0.000000	5.448000E-6	0.065241	6.484506E-8	0.000000	0.000000	0.000000
5.416000E-6	0.370682	6.407656E-8	0.000000	0.000000	0.000000	5.452000E-6	0.016765	6.143422E-8	0.000000	0.000000	0.000000
5.420000E-6	0.344064	6.188321E-8	0.000000	0.000000	0.000000	5.444000E-6	0.028084	6.620803E-8	0.000000	0.000000	0.000000
5.424000E-6	0.281688	6.545115E-8	0.000000	0.000000	0.000000	5.444000E-6	0.043099	6.976556E-8	0.000000	0.000000	0.000000
5.428000E-6	0.258616	6.757756E-8	0.000000	0.000000	0.000000	5.468000E-6	0.013157	5.376427E-8	0.000000	0.000000	0.000000
5.420000E-6	0.255780	6.514775E-8	0.000000	0.000000	0.000000	5.448000E-6	0.036317	6.497536E-8	0.000000	0.000000	0.000000
5.420000E-6	0.294762	6.017029E-8	0.000000	0.000000	0.000000	5.444000E-6	0.036172	6.791706E-8	0.000000	0.000000	0.000000
5.428000E-6	0.248041	6.435476E-8	0.000000	0.000000	0.000000	5.460000E-6	0.015129	6.680385E-8	0.000000	0.000000	0.000000
5.436000E-6	0.218318	6.300975E-8	0.000000	0.000000	0.000000	5.444000E-6	0.120145	6.746895E-8	0.000000	0.000000	0.000000
5.432000E-6	0.264193	7.026254E-8	0.000000	0.000000	0.000000	5.452000E-6	0.018680	6.837827E-8	0.000000	0.000000	0.000000
5.428000E-6	0.225838	6.269986E-8	0.000000	0.000000	0.000000	5.452000E-6	0.022304	7.003094E-8	0.000000	0.000000	0.000000
5.424000E-6	0.308916	6.312842E-8	0.000000	0.000000	0.000000	5.448000E-6	0.023872	6.243049E-8	0.000000	0.000000	0.000000
5.436000E-6	0.247706	7.200856E-8	0.000000	0.000000	0.000000	5.456000E-6	0.047537	6.498264E-8	0.000000	0.000000	0.000000
5.416000E-6	0.331327	6.760397E-8	0.000000	0.000000	0.000000	5.440000E-6	0.032139	6.463789E-8	0.000000	0.000000	0.000000
5.412000E-6	0.348874	6.863637E-8	0.000000	0.000000	0.000000	5.444000E-6	0.016115	6.522404E-8	0.000000	0.000000	0.000000
5.428000E-6	0.278073	6.257282E-8	0.000000	0.000000	0.000000	5.452000E-6	0.029370	6.113581E-8	0.000000	0.000000	0.000000
5.428000E-6	0.246829	6.904772E-8	0.000000	0.000000	0.000000	5.452000E-6	0.019144	5.903149E-8	0.000000	0.000000	0.000000
5.424000E-6	0.274241	6.516210E-8	0.000000	0.000000	0.000000	5.444000E-6	0.036397	6.647380E-8	0.000000	0.000000	0.000000
5.416000E-6	0.395462	6.592912E-8	0.000000	0.000000	0.000000	5.440000E-6	0.042995	6.432646E-8	0.000000	0.000000	0.000000
5.412000E-6	0.418403	6.636736E-8	0.000000	0.000000	0.000000	5.436000E-6	0.041778	7.182202E-8	0.000000	0.000000	0.000000
5.412000E-6	0.397737	6.301684E-8	0.000000	0.000000	0.000000	5.436000E-6	0.034830	7.613716E-8	0.000000	0.000000	0.000000
5.416000E-6	0.354634	7.008471E-8	0.000000	0.000000	0.000000	5.444000E-6	0.020614	6.175978E-8	0.000000	0.000000	0.000000
5.408000E-6	0.382100	6.509894E-8	0.000000	0.000000	0.000000	5.432000E-6	0.037604	6.641617E-8	0.000000	0.000000	0.000000
5.412000E-6	0.401030	6.817187E-8	0.000000	0.000000	0.000000	5.436000E-6	0.017138	5.643347E-8	0.000000	0.000000	0.000000
5.412000E-6	0.407434	6.981849E-8	0.000000	0.000000	0.000000	5.432000E-6	0.039176	6.788433E-8	0.000000	0.000000	0.000000
5.412000E-6	0.402111	6.337306E-8	0.000000	0.000000	0.000000	5.448000E-6	0.006904	8.090708E-8	0.000000	0.000000	0.000000
5.412000E-6	0.358501	6.488563E-8	0.000000	0.000000	0.000000	5.436000E-6	0.056543	7.206895E-8	0.000000	0.000000	0.000000
5.424000E-6	0.249664	6.875943E-8	0.000000	0.000000	0.000000	5.444000E-6	0.030218	7.590844E-8	0.000000	0.000000	0.000000
5.440000E-6	0.187000	6.464781E-8	0.000000	0.000000	0.000000	5.460000E-6	0.024861	6.277908E-8	0.000000	0.000000	0.000000
5.428000E-6	0.250631	7.263769E-8	0.000000	0.000000	0.000000	5.448000E-6	0.042144	6.959035E-8	0.000000	0.000000	0.000000
5.432000E-6	0.242744	6.896136E-8	0.000000	0.000000	0.000000	5.464000E-6	0.014046	7.153702E-8	0.000000	0.000000	0.000000
5.420000E-6	0.328067	7.219078E-8	0.000000	0.000000	0.000000	5.448000E-6	0.018121	6.062813E-8	0.000000	0.000000	0.000000
5.428000E-6	0.259512	6.800992E-8	0.000000	0.000000	0.000000	3.242000E-5	0.028248	7.171776E-8	0.000000	0.000000	0.000000
5.436000E-6	0.185952	6.501987E-8	0.000000	0.000000	0.000000	5.460000E-6	0.020599	7.449335E-8	0.000000	0.000000	0.000000
5.420000E-6	0.323713	6.755036E-8	0.000000	0.000000	0.000000	5.444000E-6	0.031820	7.123581E-8	0.000000	0.000000	0.000000
5.428000E-6	0.259345	7.720103E-8	0.000000	0.000000	0.000000	5.456000E-6	0.018094	6.144925E-8	0.000000	0.000000	0.000000
5.420000E-6	0.391680	7.172289E-8	0.000000	0.000000	0.000000	5.444000E-6	0.030572	6.791931E-8	0.000000	0.000000	0.000000
5.420000E-6	0.308491	6.726639E-8	0.000000	0.000000	0.000000	5.444000E-6	0.022515	7.485886E-8	0.000000	0.000000	0.000000
5.436000E-6	0.220090	7.077975E-8	0.000000	0.000000	0.000000	5.452000E-6	0.036273	6.911882E-8	0.000000	0.000000	0.000000
5.420000E-6	0.348062	6.730076E-8	0.000000	0.000000	0.000000	5.452000E-6	0.015789	6.587643E-8	0.000000	0.000000	0.000000
5.404000E-6	0.454636	6.413294E-8	0.000000	0.000000	0.000000	5.432000E-6	0.033249	6.750754E-8	0.000000	0.000000	0.000000
5.408000E-6	0.394506	7.292564E-8	0.000000	0.000000	0.000000	5.432000E-6	0.017627	6.469185E-8	0.000000	0.000000	0.000000
