Trigger Count=20958	Output Count=735	Elapsed Time=21:32.321	Number of Pulses CH0=1	Number of Pulses CH1=1
ate (Hz)=2.50E+8	Min record length=11364	Trigger level (V)=0.3500	Channel 0 threshold (V)=0.0425	Channel 1 threshold (V)=0.0200	Range (microseconds)=40.0000	Pulse 2 delay (microseconds)=0.0000	Lower cut-off frequency (Hz)=1.00E+6
                             	                             
Ch0_time1 (s)	Ch0_amp1 (V)	Ch0_width1 (s)	Ch0_time2 (s)	Ch0_amp2 (V)	Ch0_width2 (s)	Ch1_time1 (s)	Ch1_amp1 (V)	Ch1_width1 (s)	Ch1_time2 (s)	Ch1_amp2 (V)	Ch1_width2 (s)
5.412000E-6	0.356865	6.804999E-8	0.000000	0.000000	0.000000	5.436000E-6	0.021461	7.611076E-8	0.000000	0.000000	0.000000
5.424000E-6	0.290659	6.930669E-8	0.000000	0.000000	0.000000	5.448000E-6	0.020971	8.185635E-8	0.000000	0.000000	0.000000
5.428000E-6	0.272996	6.415044E-8	0.000000	0.000000	0.000000	2.357600E-5	0.028062	6.571201E-8	0.000000	0.000000	0.000000
5.412000E-6	0.405079	6.778384E-8	0.000000	0.000000	0.000000	5.436000E-6	0.014765	5.900829E-8	0.000000	0.000000	0.000000
5.400000E-6	0.479776	6.875854E-8	0.000000	0.000000	0.000000	5.436000E-6	0.034209	6.427787E-8	0.000000	0.000000	0.000000
5.428000E-6	0.266703	6.573504E-8	0.000000	0.000000	0.000000	5.460000E-6	0.013477	5.341580E-8	0.000000	0.000000	0.000000
5.420000E-6	0.291867	6.819346E-8	0.000000	0.000000	0.000000	5.444000E-6	0.041741	6.865850E-8	0.000000	0.000000	0.000000
5.420000E-6	0.303171	7.189825E-8	0.000000	0.000000	0.000000	5.440000E-6	0.037011	6.752124E-8	0.000000	0.000000	0.000000
5.432000E-6	0.237122	6.486351E-8	0.000000	0.000000	0.000000	5.460000E-6	0.012284	5.244540E-8	0.000000	0.000000	0.000000
5.436000E-6	0.230282	6.418292E-8	0.000000	0.000000	0.000000	5.448000E-6	0.063414	7.059020E-8	0.000000	0.000000	0.000000
5.432000E-6	0.208334	6.317803E-8	0.000000	0.000000	0.000000	5.460000E-6	0.015229	6.036460E-8	0.000000	0.000000	0.000000
5.424000E-6	0.262362	6.567918E-8	0.000000	0.000000	0.000000	5.448000E-6	0.021178	7.303587E-8	0.000000	0.000000	0.000000
5.408000E-6	0.403303	6.691659E-8	0.000000	0.000000	0.000000	5.432000E-6	0.039200	6.253888E-8	0.000000	0.000000	0.000000
5.428000E-6	0.245270	6.426228E-8	0.000000	0.000000	0.000000	5.452000E-6	0.028137	7.151259E-8	0.000000	0.000000	0.000000
5.416000E-6	0.427249	6.405976E-8	0.000000	0.000000	0.000000	5.436000E-6	0.036897	6.329638E-8	0.000000	0.000000	0.000000
5.416000E-6	0.369882	6.563429E-8	0.000000	0.000000	0.000000	5.444000E-6	0.022078	6.257128E-8	0.000000	0.000000	0.000000
5.424000E-6	0.296227	6.557952E-8	0.000000	0.000000	0.000000	5.448000E-6	0.033616	7.186790E-8	0.000000	0.000000	0.000000
5.432000E-6	0.244577	6.558443E-8	0.000000	0.000000	0.000000	5.452000E-6	0.043055	6.559908E-8	0.000000	0.000000	0.000000
5.428000E-6	0.287641	6.478892E-8	0.000000	0.000000	0.000000	5.448000E-6	0.033382	6.397778E-8	0.000000	0.000000	0.000000
5.412000E-6	0.410941	6.460420E-8	0.000000	0.000000	0.000000	5.432000E-6	0.034386	7.133273E-8	0.000000	0.000000	0.000000
5.416000E-6	0.294448	7.322480E-8	0.000000	0.000000	0.000000	5.440000E-6	0.023172	7.387155E-8	0.000000	0.000000	0.000000
5.416000E-6	0.339390	6.555611E-8	0.000000	0.000000	0.000000	5.440000E-6	0.043942	6.776900E-8	0.000000	0.000000	0.000000
5.432000E-6	0.209374	6.541954E-8	0.000000	0.000000	0.000000	5.464000E-6	0.013514	6.056925E-8	0.000000	0.000000	0.000000
5.424000E-6	0.255221	6.307995E-8	0.000000	0.000000	0.000000	5.444000E-6	0.038590	7.013834E-8	0.000000	0.000000	0.000000
5.412000E-6	0.412925	6.533264E-8	0.000000	0.000000	0.000000	5.444000E-6	0.014062	6.168231E-8	0.000000	0.000000	0.000000
5.420000E-6	0.286580	6.949785E-8	0.000000	0.000000	0.000000	5.440000E-6	0.044573	6.887571E-8	0.000000	0.000000	0.000000
5.412000E-6	0.394905	6.842528E-8	0.000000	0.000000	0.000000	5.436000E-6	0.038295	6.856064E-8	0.000000	0.000000	0.000000
5.420000E-6	0.295445	6.772640E-8	0.000000	0.000000	0.000000	5.444000E-6	0.043183	7.152569E-8	0.000000	0.000000	0.000000
5.428000E-6	0.268021	6.471690E-8	0.000000	0.000000	0.000000	5.452000E-6	0.014202	6.001848E-8	0.000000	0.000000	0.000000
5.416000E-6	0.334089	6.756285E-8	0.000000	0.000000	0.000000	5.444000E-6	0.018591	6.362169E-8	0.000000	0.000000	0.000000
5.408000E-6	0.427845	6.428811E-8	0.000000	0.000000	0.000000	5.432000E-6	0.046062	6.483693E-8	0.000000	0.000000	0.000000
5.436000E-6	0.222900	6.398149E-8	0.000000	0.000000	0.000000	5.456000E-6	0.017045	5.778872E-8	0.000000	0.000000	0.000000
5.416000E-6	0.353602	6.840306E-8	0.000000	0.000000	0.000000	5.436000E-6	0.052084	7.255012E-8	0.000000	0.000000	0.000000
5.420000E-6	0.332580	6.801059E-8	0.000000	0.000000	0.000000	5.460000E-6	0.014505	6.175105E-8	0.000000	0.000000	0.000000
5.420000E-6	0.352697	6.823662E-8	0.000000	0.000000	0.000000	5.456000E-6	0.012805	6.249099E-8	0.000000	0.000000	0.000000
5.424000E-6	0.300734	6.761533E-8	0.000000	0.000000	0.000000	5.440000E-6	0.074352	6.450281E-8	0.000000	0.000000	0.000000
5.424000E-6	0.263148	6.321388E-8	0.000000	0.000000	0.000000	5.448000E-6	0.038853	6.764306E-8	0.000000	0.000000	0.000000
5.432000E-6	0.256889	6.931098E-8	0.000000	0.000000	0.000000	5.460000E-6	0.023322	6.428880E-8	0.000000	0.000000	0.000000
5.420000E-6	0.328066	6.746338E-8	0.000000	0.000000	0.000000	5.452000E-6	0.015731	6.219022E-8	0.000000	0.000000	0.000000
5.424000E-6	0.281576	6.461940E-8	0.000000	0.000000	0.000000	5.452000E-6	0.021124	6.314552E-8	0.000000	0.000000	0.000000
5.392000E-6	0.548231	7.644264E-8	0.000000	0.000000	0.000000	5.424000E-6	0.012778	6.351403E-8	0.000000	0.000000	0.000000
5.412000E-6	0.418325	6.107169E-8	0.000000	0.000000	0.000000	5.432000E-6	0.048768	6.522986E-8	0.000000	0.000000	0.000000
5.420000E-6	0.280798	6.422968E-8	0.000000	0.000000	0.000000	5.464000E-6	0.011526	5.773998E-8	0.000000	0.000000	0.000000
5.420000E-6	0.303626	7.009432E-8	0.000000	0.000000	0.000000	5.448000E-6	0.026694	6.507596E-8	0.000000	0.000000	0.000000
5.412000E-6	0.425165	6.242895E-8	0.000000	0.000000	0.000000	5.444000E-6	0.017995	6.003426E-8	0.000000	0.000000	0.000000
5.424000E-6	0.282804	6.612852E-8	0.000000	0.000000	0.000000	5.456000E-6	0.014226	5.656170E-8	0.000000	0.000000	0.000000
5.412000E-6	0.420256	6.549843E-8	0.000000	0.000000	0.000000	5.436000E-6	0.070673	6.248382E-8	0.000000	0.000000	0.000000
5.416000E-6	0.413031	6.864262E-8	0.000000	0.000000	0.000000	5.440000E-6	0.041638	6.424007E-8	0.000000	0.000000	0.000000
5.420000E-6	0.332364	6.073919E-8	0.000000	0.000000	0.000000	5.444000E-6	0.051489	7.175298E-8	0.000000	0.000000	0.000000
5.420000E-6	0.328746	6.421368E-8	0.000000	0.000000	0.000000	5.448000E-6	0.018585	6.577882E-8	0.000000	0.000000	0.000000
5.412000E-6	0.476139	6.780987E-8	0.000000	0.000000	0.000000	5.440000E-6	0.021899	7.086134E-8	0.000000	0.000000	0.000000
5.408000E-6	0.383005	6.285702E-8	0.000000	0.000000	0.000000	5.440000E-6	0.019350	8.806223E-8	0.000000	0.000000	0.000000
5.412000E-6	0.388434	6.462644E-8	0.000000	0.000000	0.000000	5.444000E-6	0.029221	6.761245E-8	0.000000	0.000000	0.000000
5.412000E-6	0.368007	6.388775E-8	0.000000	0.000000	0.000000	5.428000E-6	0.049044	6.337117E-8	0.000000	0.000000	0.000000
5.416000E-6	0.347389	6.692071E-8	0.000000	0.000000	0.000000	5.448000E-6	0.013631	6.426443E-8	0.000000	0.000000	0.000000
5.420000E-6	0.324740	6.196829E-8	0.000000	0.000000	0.000000	5.448000E-6	0.020139	6.459273E-8	0.000000	0.000000	0.000000
5.424000E-6	0.271154	6.901590E-8	0.000000	0.000000	0.000000	5.452000E-6	0.013361	6.376272E-8	0.000000	0.000000	0.000000
5.420000E-6	0.308896	6.813546E-8	0.000000	0.000000	0.000000	5.444000E-6	0.026585	7.168087E-8	0.000000	0.000000	0.000000
5.428000E-6	0.231059	6.047579E-8	0.000000	0.000000	0.000000	5.452000E-6	0.025381	8.189486E-8	0.000000	0.000000	0.000000
5.404000E-6	0.418028	6.774963E-8	0.000000	0.000000	0.000000	5.428000E-6	0.033140	7.712600E-8	0.000000	0.000000	0.000000
5.412000E-6	0.433678	6.549907E-8	0.000000	0.000000	0.000000	5.428000E-6	0.036146	7.247327E-8	0.000000	0.000000	0.000000
5.428000E-6	0.244999	7.106509E-8	0.000000	0.000000	0.000000	5.444000E-6	0.035392	6.287802E-8	0.000000	0.000000	0.000000
5.428000E-6	0.293815	6.662545E-8	0.000000	0.000000	0.000000	5.452000E-6	0.020049	6.666761E-8	0.000000	0.000000	0.000000
5.416000E-6	0.304702	6.274324E-8	0.000000	0.000000	0.000000	5.444000E-6	0.030651	6.371363E-8	0.000000	0.000000	0.000000
5.428000E-6	0.218751	6.364715E-8	0.000000	0.000000	0.000000	5.448000E-6	0.025084	6.628821E-8	0.000000	0.000000	0.000000
5.436000E-6	0.197633	6.600122E-8	0.000000	0.000000	0.000000	5.460000E-6	0.014700	6.401530E-8	0.000000	0.000000	0.000000
5.432000E-6	0.245500	6.845042E-8	0.000000	0.000000	0.000000	5.456000E-6	0.009787	5.919883E-8	0.000000	0.000000	0.000000
5.412000E-6	0.391254	6.781387E-8	0.000000	0.000000	0.000000	5.448000E-6	0.016320	6.829823E-8	0.000000	0.000000	0.000000
5.424000E-6	0.311538	6.362847E-8	0.000000	0.000000	0.000000	3.310000E-5	0.012554	5.780806E-8	0.000000	0.000000	0.000000
5.424000E-6	0.310351	6.889840E-8	0.000000	0.000000	0.000000	5.448000E-6	0.020216	9.748673E-8	0.000000	0.000000	0.000000
5.424000E-6	0.274892	6.664999E-8	0.000000	0.000000	0.000000	5.444000E-6	0.050768	6.390934E-8	0.000000	0.000000	0.000000
5.424000E-6	0.345528	6.678400E-8	0.000000	0.000000	0.000000	5.448000E-6	0.032277	6.316863E-8	0.000000	0.000000	0.000000
5.432000E-6	0.220365	6.317824E-8	0.000000	0.000000	0.000000	5.448000E-6	0.041672	6.944259E-8	0.000000	0.000000	0.000000
5.424000E-6	0.292185	6.571368E-8	0.000000	0.000000	0.000000	5.444000E-6	0.048865	6.591114E-8	0.000000	0.000000	0.000000
5.396000E-6	0.517961	7.128942E-8	0.000000	0.000000	0.000000	5.416000E-6	0.052233	6.745632E-8	0.000000	0.000000	0.000000
5.424000E-6	0.312487	6.705642E-8	0.000000	0.000000	0.000000	5.448000E-6	0.042084	6.476912E-8	0.000000	0.000000	0.000000
5.420000E-6	0.319321	6.840576E-8	0.000000	0.000000	0.000000	5.448000E-6	0.031806	6.309336E-8	0.000000	0.000000	0.000000
5.416000E-6	0.356828	6.402642E-8	0.000000	0.000000	0.000000	5.456000E-6	0.015168	6.553372E-8	0.000000	0.000000	0.000000
5.368000E-6	0.594506	8.955287E-8	0.000000	0.000000	0.000000	5.396000E-6	0.030293	8.141700E-8	0.000000	0.000000	0.000000
5.420000E-6	0.290794	6.345745E-8	0.000000	0.000000	0.000000	5.456000E-6	0.015139	8.233592E-8	0.000000	0.000000	0.000000
5.412000E-6	0.397886	6.698065E-8	0.000000	0.000000	0.000000	5.436000E-6	0.043329	6.535225E-8	0.000000	0.000000	0.000000
5.424000E-6	0.302761	7.051977E-8	0.000000	0.000000	0.000000	5.448000E-6	0.016117	6.433075E-8	0.000000	0.000000	0.000000
5.408000E-6	0.412306	6.528176E-8	0.000000	0.000000	0.000000	5.432000E-6	0.040290	6.062722E-8	0.000000	0.000000	0.000000
5.396000E-6	0.507954	7.336846E-8	0.000000	0.000000	0.000000	5.428000E-6	0.016614	6.853279E-8	0.000000	0.000000	0.000000
5.420000E-6	0.302964	6.545319E-8	0.000000	0.000000	0.000000	5.444000E-6	0.044714	6.501070E-8	0.000000	0.000000	0.000000
5.420000E-6	0.337992	6.643690E-8	0.000000	0.000000	0.000000	5.444000E-6	0.029356	7.005092E-8	0.000000	0.000000	0.000000
5.420000E-6	0.316280	6.717999E-8	0.000000	0.000000	0.000000	5.448000E-6	0.022244	5.934936E-8	0.000000	0.000000	0.000000
5.428000E-6	0.268255	6.806586E-8	0.000000	0.000000	0.000000	5.452000E-6	0.026605	6.664367E-8	0.000000	0.000000	0.000000
5.400000E-6	0.506096	7.131535E-8	0.000000	0.000000	0.000000	5.432000E-6	0.036359	6.825110E-8	0.000000	0.000000	0.000000
5.416000E-6	0.369337	6.871245E-8	0.000000	0.000000	0.000000	5.440000E-6	0.027990	7.802706E-8	0.000000	0.000000	0.000000
5.432000E-6	0.268993	7.688447E-8	0.000000	0.000000	0.000000	5.452000E-6	0.038956	6.849138E-8	0.000000	0.000000	0.000000
5.428000E-6	0.256137	6.237458E-8	0.000000	0.000000	0.000000	5.452000E-6	0.024967	7.227776E-8	0.000000	0.000000	0.000000
5.416000E-6	0.348053	6.092390E-8	0.000000	0.000000	0.000000	5.452000E-6	0.017985	6.388178E-8	0.000000	0.000000	0.000000
5.428000E-6	0.279393	6.463897E-8	0.000000	0.000000	0.000000	5.456000E-6	0.013320	5.802975E-8	0.000000	0.000000	0.000000
5.408000E-6	0.408289	6.700617E-8	0.000000	0.000000	0.000000	5.428000E-6	0.042820	7.164917E-8	0.000000	0.000000	0.000000
5.412000E-6	0.404482	6.476341E-8	0.000000	0.000000	0.000000	5.436000E-6	0.036415	5.981577E-8	0.000000	0.000000	0.000000
5.432000E-6	0.246207	7.392310E-8	0.000000	0.000000	0.000000	5.452000E-6	0.043528	6.860323E-8	0.000000	0.000000	0.000000
5.412000E-6	0.377551	6.526267E-8	0.000000	0.000000	0.000000	5.436000E-6	0.046146	6.691053E-8	0.000000	0.000000	0.000000
5.432000E-6	0.226498	7.553014E-8	0.000000	0.000000	0.000000	5.452000E-6	0.033549	6.835754E-8	0.000000	0.000000	0.000000
5.412000E-6	0.318681	6.966360E-8	0.000000	0.000000	0.000000	5.436000E-6	0.028119	7.063285E-8	0.000000	0.000000	0.000000
5.424000E-6	0.269305	6.677042E-8	0.000000	0.000000	0.000000	5.448000E-6	0.049422	6.738525E-8	0.000000	0.000000	0.000000
5.432000E-6	0.218558	6.032771E-8	0.000000	0.000000	0.000000	5.452000E-6	0.035578	7.241283E-8	0.000000	0.000000	0.000000
5.424000E-6	0.318925	6.176739E-8	0.000000	0.000000	0.000000	5.452000E-6	0.012936	6.110854E-8	0.000000	0.000000	0.000000
5.424000E-6	0.303057	6.472325E-8	0.000000	0.000000	0.000000	5.452000E-6	0.012639	7.101942E-8	0.000000	0.000000	0.000000
5.428000E-6	0.312031	6.683688E-8	0.000000	0.000000	0.000000	5.448000E-6	0.043589	6.970510E-8	0.000000	0.000000	0.000000
5.424000E-6	0.245442	6.746690E-8	0.000000	0.000000	0.000000	5.448000E-6	0.020894	7.176616E-8	0.000000	0.000000	0.000000
5.424000E-6	0.287204	6.876469E-8	0.000000	0.000000	0.000000	2.784400E-5	0.016091	6.608886E-8	0.000000	0.000000	0.000000
5.424000E-6	0.270575	6.567516E-8	0.000000	0.000000	0.000000	5.452000E-6	0.014632	6.177947E-8	0.000000	0.000000	0.000000
5.420000E-6	0.331421	6.507002E-8	0.000000	0.000000	0.000000	5.436000E-6	0.044899	6.088514E-8	0.000000	0.000000	0.000000
5.424000E-6	0.309794	6.365781E-8	0.000000	0.000000	0.000000	5.448000E-6	0.034661	7.071745E-8	0.000000	0.000000	0.000000
5.424000E-6	0.288293	6.752508E-8	0.000000	0.000000	0.000000	5.456000E-6	0.017418	6.209837E-8	0.000000	0.000000	0.000000
5.412000E-6	0.345833	6.767349E-8	0.000000	0.000000	0.000000	5.440000E-6	0.021367	6.715889E-8	0.000000	0.000000	0.000000
5.412000E-6	0.395959	6.540926E-8	0.000000	0.000000	0.000000	5.448000E-6	0.034174	6.752411E-8	0.000000	0.000000	0.000000
5.412000E-6	0.437956	6.567345E-8	0.000000	0.000000	0.000000	5.428000E-6	0.048757	6.837859E-8	0.000000	0.000000	0.000000
5.432000E-6	0.249226	7.093643E-8	0.000000	0.000000	0.000000	5.464000E-6	0.013613	5.497257E-8	0.000000	0.000000	0.000000
5.412000E-6	0.359541	6.974277E-8	0.000000	0.000000	0.000000	5.448000E-6	0.017826	5.924752E-8	0.000000	0.000000	0.000000
5.408000E-6	0.453130	6.829212E-8	0.000000	0.000000	0.000000	5.436000E-6	0.023278	6.903878E-8	0.000000	0.000000	0.000000
5.420000E-6	0.305883	6.338694E-8	0.000000	0.000000	0.000000	5.460000E-6	0.012896	6.675080E-8	0.000000	0.000000	0.000000
5.416000E-6	0.357843	6.537010E-8	0.000000	0.000000	0.000000	5.444000E-6	0.026017	6.656975E-8	0.000000	0.000000	0.000000
5.428000E-6	0.268100	6.981110E-8	0.000000	0.000000	0.000000	5.456000E-6	0.012957	6.082211E-8	0.000000	0.000000	0.000000
5.408000E-6	0.493477	7.214445E-8	0.000000	0.000000	0.000000	5.432000E-6	0.036188	6.312156E-8	0.000000	0.000000	0.000000
5.424000E-6	0.309982	6.813814E-8	0.000000	0.000000	0.000000	5.448000E-6	0.024910	6.961923E-8	0.000000	0.000000	0.000000
5.412000E-6	0.379533	6.369664E-8	0.000000	0.000000	0.000000	5.436000E-6	0.061001	6.053455E-8	0.000000	0.000000	0.000000
5.400000E-6	0.438985	7.217111E-8	0.000000	0.000000	0.000000	5.432000E-6	0.058344	6.608001E-8	0.000000	0.000000	0.000000
5.424000E-6	0.318856	6.461600E-8	0.000000	0.000000	0.000000	5.448000E-6	0.036279	6.689436E-8	0.000000	0.000000	0.000000
5.428000E-6	0.260303	6.563004E-8	0.000000	0.000000	0.000000	3.103600E-5	0.028495	6.501096E-8	0.000000	0.000000	0.000000
5.432000E-6	0.234576	6.895145E-8	0.000000	0.000000	0.000000	5.448000E-6	0.039032	7.279430E-8	0.000000	0.000000	0.000000
5.416000E-6	0.404875	6.630327E-8	0.000000	0.000000	0.000000	5.444000E-6	0.016428	5.956007E-8	0.000000	0.000000	0.000000
5.420000E-6	0.337976	7.379189E-8	0.000000	0.000000	0.000000	5.444000E-6	0.039993	7.505932E-8	0.000000	0.000000	0.000000
5.424000E-6	0.256314	7.532404E-8	0.000000	0.000000	0.000000	5.452000E-6	0.030356	7.363620E-8	0.000000	0.000000	0.000000
5.416000E-6	0.311437	6.827000E-8	0.000000	0.000000	0.000000	5.448000E-6	0.023034	6.602372E-8	0.000000	0.000000	0.000000
5.420000E-6	0.307387	6.158264E-8	0.000000	0.000000	0.000000	5.444000E-6	0.032739	7.494380E-8	0.000000	0.000000	0.000000
5.420000E-6	0.276019	6.305753E-8	0.000000	0.000000	0.000000	5.452000E-6	0.001229	7.782008E-8	0.000000	0.000000	0.000000
5.412000E-6	0.352853	6.791082E-8	0.000000	0.000000	0.000000	5.448000E-6	0.041313	6.900804E-8	0.000000	0.000000	0.000000
5.420000E-6	0.325319	6.180582E-8	0.000000	0.000000	0.000000	5.444000E-6	0.026158	6.759698E-8	0.000000	0.000000	0.000000
5.420000E-6	0.302828	7.020833E-8	0.000000	0.000000	0.000000	5.452000E-6	0.015673	5.832183E-8	0.000000	0.000000	0.000000
5.420000E-6	0.333015	6.814222E-8	0.000000	0.000000	0.000000	5.448000E-6	0.025830	5.999378E-8	0.000000	0.000000	0.000000
5.436000E-6	0.213029	6.320882E-8	0.000000	0.000000	0.000000	5.456000E-6	0.030056	7.082236E-8	0.000000	0.000000	0.000000
5.424000E-6	0.285523	6.463792E-8	0.000000	0.000000	0.000000	5.456000E-6	0.020612	6.628698E-8	0.000000	0.000000	0.000000
5.416000E-6	0.350560	7.350461E-8	0.000000	0.000000	0.000000	5.440000E-6	0.044517	6.399962E-8	0.000000	0.000000	0.000000
5.436000E-6	0.226665	6.459685E-8	0.000000	0.000000	0.000000	5.456000E-6	0.045757	7.523357E-8	0.000000	0.000000	0.000000
5.408000E-6	0.416204	6.640337E-8	0.000000	0.000000	0.000000	5.440000E-6	0.043365	6.363056E-8	0.000000	0.000000	0.000000
5.420000E-6	0.305337	6.899273E-8	0.000000	0.000000	0.000000	5.444000E-6	0.022979	6.407704E-8	0.000000	0.000000	0.000000
5.408000E-6	0.394562	6.906299E-8	0.000000	0.000000	0.000000	5.436000E-6	0.018761	6.531341E-8	0.000000	0.000000	0.000000
5.420000E-6	0.315302	7.330254E-8	0.000000	0.000000	0.000000	5.452000E-6	0.014977	7.770925E-8	0.000000	0.000000	0.000000
5.432000E-6	0.242354	5.821608E-8	0.000000	0.000000	0.000000	5.452000E-6	0.025266	6.105986E-8	0.000000	0.000000	0.000000
5.424000E-6	0.260616	6.601014E-8	0.000000	0.000000	0.000000	5.456000E-6	0.012950	6.462021E-8	0.000000	0.000000	0.000000
5.424000E-6	0.276549	7.143125E-8	0.000000	0.000000	0.000000	5.440000E-6	0.040121	7.269193E-8	0.000000	0.000000	0.000000
5.428000E-6	0.270330	6.979149E-8	0.000000	0.000000	0.000000	2.814000E-5	0.016012	6.474690E-8	0.000000	0.000000	0.000000
5.420000E-6	0.318853	6.324535E-8	0.000000	0.000000	0.000000	5.444000E-6	0.034803	6.310694E-8	0.000000	0.000000	0.000000
5.424000E-6	0.287926	6.807957E-8	0.000000	0.000000	0.000000	5.448000E-6	0.036136	8.558668E-8	0.000000	0.000000	0.000000
5.412000E-6	0.436734	6.708600E-8	0.000000	0.000000	0.000000	5.432000E-6	0.046373	6.279881E-8	0.000000	0.000000	0.000000
5.412000E-6	0.416332	6.433329E-8	0.000000	0.000000	0.000000	5.436000E-6	0.032818	6.702159E-8	0.000000	0.000000	0.000000
5.416000E-6	0.363328	6.472504E-8	0.000000	0.000000	0.000000	5.440000E-6	0.038406	6.874228E-8	0.000000	0.000000	0.000000
5.424000E-6	0.289391	6.331029E-8	0.000000	0.000000	0.000000	5.464000E-6	0.014102	5.689435E-8	0.000000	0.000000	0.000000
5.424000E-6	0.268975	6.420135E-8	0.000000	0.000000	0.000000	5.444000E-6	0.034914	6.497250E-8	0.000000	0.000000	0.000000
5.424000E-6	0.299219	6.042240E-8	0.000000	0.000000	0.000000	5.452000E-6	0.014721	6.921217E-8	0.000000	0.000000	0.000000
5.424000E-6	0.290779	6.642678E-8	0.000000	0.000000	0.000000	5.444000E-6	0.045240	7.507769E-8	0.000000	0.000000	0.000000
5.420000E-6	0.334972	6.590231E-8	0.000000	0.000000	0.000000	5.440000E-6	0.019948	6.573514E-8	0.000000	0.000000	0.000000
5.420000E-6	0.347048	6.655355E-8	0.000000	0.000000	0.000000	5.444000E-6	0.038097	6.628885E-8	0.000000	0.000000	0.000000
5.436000E-6	0.218510	6.470886E-8	0.000000	0.000000	0.000000	5.452000E-6	0.034861	6.205138E-8	0.000000	0.000000	0.000000
5.412000E-6	0.445094	6.826607E-8	0.000000	0.000000	0.000000	5.432000E-6	0.036132	6.370523E-8	0.000000	0.000000	0.000000
5.428000E-6	0.255807	7.783022E-8	0.000000	0.000000	0.000000	5.452000E-6	0.037263	7.012504E-8	0.000000	0.000000	0.000000
5.432000E-6	0.241803	6.380772E-8	0.000000	0.000000	0.000000	5.452000E-6	0.024731	6.856512E-8	0.000000	0.000000	0.000000
5.428000E-6	0.216067	6.155499E-8	0.000000	0.000000	0.000000	5.460000E-6	0.015891	5.615942E-8	0.000000	0.000000	0.000000
5.436000E-6	0.223356	8.218448E-8	0.000000	0.000000	0.000000	5.456000E-6	0.030212	5.822576E-8	0.000000	0.000000	0.000000
5.416000E-6	0.337379	6.420927E-8	0.000000	0.000000	0.000000	5.436000E-6	0.064265	6.658471E-8	0.000000	0.000000	0.000000
5.408000E-6	0.452112	6.926536E-8	0.000000	0.000000	0.000000	5.428000E-6	0.095262	6.678489E-8	0.000000	0.000000	0.000000
5.420000E-6	0.337261	6.621663E-8	0.000000	0.000000	0.000000	5.440000E-6	0.044909	6.520193E-8	0.000000	0.000000	0.000000
5.408000E-6	0.437778	6.707439E-8	0.000000	0.000000	0.000000	5.436000E-6	0.020404	6.010483E-8	0.000000	0.000000	0.000000
5.416000E-6	0.382267	6.299329E-8	0.000000	0.000000	0.000000	5.440000E-6	0.040271	6.376889E-8	0.000000	0.000000	0.000000
5.416000E-6	0.341340	8.056709E-8	0.000000	0.000000	0.000000	5.444000E-6	0.014697	6.070959E-8	0.000000	0.000000	0.000000
5.404000E-6	0.456874	6.992059E-8	0.000000	0.000000	0.000000	5.428000E-6	0.040754	7.630504E-8	0.000000	0.000000	0.000000
5.420000E-6	0.295950	6.947560E-8	0.000000	0.000000	0.000000	5.456000E-6	0.012910	6.294748E-8	0.000000	0.000000	0.000000
5.412000E-6	0.431886	6.695634E-8	0.000000	0.000000	0.000000	5.428000E-6	0.064492	6.735116E-8	0.000000	0.000000	0.000000
5.420000E-6	0.373259	6.662619E-8	0.000000	0.000000	0.000000	5.444000E-6	0.034097	6.676993E-8	0.000000	0.000000	0.000000
5.412000E-6	0.357851	6.761102E-8	0.000000	0.000000	0.000000	5.440000E-6	0.022679	6.390686E-8	0.000000	0.000000	0.000000
5.408000E-6	0.398417	6.643374E-8	0.000000	0.000000	0.000000	5.436000E-6	0.034472	6.732578E-8	0.000000	0.000000	0.000000
5.416000E-6	0.375629	6.660733E-8	0.000000	0.000000	0.000000	5.436000E-6	0.040399	6.793824E-8	0.000000	0.000000	0.000000
5.416000E-6	0.379842	6.482388E-8	0.000000	0.000000	0.000000	5.444000E-6	0.030430	7.056204E-8	0.000000	0.000000	0.000000
5.432000E-6	0.216138	6.202097E-8	0.000000	0.000000	0.000000	5.456000E-6	0.023789	6.165381E-8	0.000000	0.000000	0.000000
5.420000E-6	0.335650	7.191673E-8	0.000000	0.000000	0.000000	5.440000E-6	0.040768	6.088047E-8	0.000000	0.000000	0.000000
5.424000E-6	0.289974	6.374176E-8	0.000000	0.000000	0.000000	5.452000E-6	0.021647	6.197432E-8	0.000000	0.000000	0.000000
5.436000E-6	0.243159	6.961489E-8	0.000000	0.000000	0.000000	5.456000E-6	0.029482	6.359786E-8	0.000000	0.000000	0.000000
5.428000E-6	0.246444	6.462976E-8	0.000000	0.000000	0.000000	5.452000E-6	0.017640	6.673676E-8	0.000000	0.000000	0.000000
5.432000E-6	0.216240	6.582775E-8	0.000000	0.000000	0.000000	5.460000E-6	0.019905	6.279394E-8	0.000000	0.000000	0.000000
5.432000E-6	0.274449	6.664969E-8	0.000000	0.000000	0.000000	5.460000E-6	0.013919	6.294422E-8	0.000000	0.000000	0.000000
5.432000E-6	0.237523	6.508602E-8	0.000000	0.000000	0.000000	5.448000E-6	0.028248	6.929335E-8	0.000000	0.000000	0.000000
5.420000E-6	0.326110	7.035290E-8	0.000000	0.000000	0.000000	5.444000E-6	0.030317	6.992825E-8	0.000000	0.000000	0.000000
5.412000E-6	0.425714	6.078859E-8	0.000000	0.000000	0.000000	5.448000E-6	0.016286	6.429235E-8	0.000000	0.000000	0.000000
5.432000E-6	0.243399	6.290330E-8	0.000000	0.000000	0.000000	5.452000E-6	0.021238	5.643258E-8	0.000000	0.000000	0.000000
5.408000E-6	0.457975	6.863676E-8	0.000000	0.000000	0.000000	5.452000E-6	0.015306	6.069057E-8	0.000000	0.000000	0.000000
5.432000E-6	0.244949	6.901804E-8	0.000000	0.000000	0.000000	5.456000E-6	0.012747	6.262302E-8	0.000000	0.000000	0.000000
5.396000E-6	0.496255	7.158062E-8	0.000000	0.000000	0.000000	5.440000E-6	0.014817	5.665654E-8	0.000000	0.000000	0.000000
5.416000E-6	0.367478	6.522776E-8	0.000000	0.000000	0.000000	5.444000E-6	0.018823	5.762249E-8	0.000000	0.000000	0.000000
5.412000E-6	0.392205	6.536151E-8	0.000000	0.000000	0.000000	5.436000E-6	0.036993	6.466202E-8	0.000000	0.000000	0.000000
5.416000E-6	0.388069	6.443138E-8	0.000000	0.000000	0.000000	5.440000E-6	0.025022	6.471130E-8	0.000000	0.000000	0.000000
5.428000E-6	0.238005	6.080864E-8	0.000000	0.000000	0.000000	5.456000E-6	0.017062	6.955254E-8	0.000000	0.000000	0.000000
5.428000E-6	0.221994	6.946861E-8	0.000000	0.000000	0.000000	5.448000E-6	0.026499	7.644068E-8	0.000000	0.000000	0.000000
5.436000E-6	0.217220	6.385805E-8	0.000000	0.000000	0.000000	5.460000E-6	0.034564	6.860178E-8	0.000000	0.000000	0.000000
5.416000E-6	0.309016	6.609170E-8	0.000000	0.000000	0.000000	5.448000E-6	0.020073	5.814517E-8	0.000000	0.000000	0.000000
5.436000E-6	0.204795	6.663833E-8	0.000000	0.000000	0.000000	5.452000E-6	0.026629	7.645633E-8	0.000000	0.000000	0.000000
5.424000E-6	0.314357	6.589416E-8	0.000000	0.000000	0.000000	5.444000E-6	0.023068	6.386455E-8	0.000000	0.000000	0.000000
5.416000E-6	0.390829	6.508949E-8	0.000000	0.000000	0.000000	5.440000E-6	0.031037	5.985088E-8	0.000000	0.000000	0.000000
5.428000E-6	0.285850	6.075876E-8	0.000000	0.000000	0.000000	5.448000E-6	0.015175	6.031038E-8	0.000000	0.000000	0.000000
5.416000E-6	0.377199	6.505936E-8	0.000000	0.000000	0.000000	5.436000E-6	0.040090	6.611545E-8	0.000000	0.000000	0.000000
5.440000E-6	0.181765	6.288993E-8	0.000000	0.000000	0.000000	5.460000E-6	0.050828	6.464885E-8	0.000000	0.000000	0.000000
5.424000E-6	0.325414	6.572194E-8	0.000000	0.000000	0.000000	5.444000E-6	0.038035	7.620481E-8	0.000000	0.000000	0.000000
5.416000E-6	0.322688	6.408141E-8	0.000000	0.000000	0.000000	5.440000E-6	0.040286	6.648293E-8	0.000000	0.000000	0.000000
5.420000E-6	0.351300	6.748679E-8	0.000000	0.000000	0.000000	5.432000E-6	0.070939	6.325981E-8	0.000000	0.000000	0.000000
5.408000E-6	0.387220	6.806079E-8	0.000000	0.000000	0.000000	5.444000E-6	0.015016	6.462356E-8	0.000000	0.000000	0.000000
5.440000E-6	0.200430	6.440363E-8	0.000000	0.000000	0.000000	5.460000E-6	0.024429	6.226028E-8	0.000000	0.000000	0.000000
5.424000E-6	0.279218	6.661918E-8	0.000000	0.000000	0.000000	5.448000E-6	0.041673	6.320232E-8	0.000000	0.000000	0.000000
5.420000E-6	0.336110	6.155221E-8	0.000000	0.000000	0.000000	5.440000E-6	0.026549	6.357733E-8	0.000000	0.000000	0.000000
5.404000E-6	0.465085	6.703785E-8	0.000000	0.000000	0.000000	5.432000E-6	0.020891	5.965277E-8	0.000000	0.000000	0.000000
5.416000E-6	0.326391	6.859729E-8	0.000000	0.000000	0.000000	5.448000E-6	0.022431	6.052305E-8	0.000000	0.000000	0.000000
5.408000E-6	0.459791	6.775170E-8	0.000000	0.000000	0.000000	5.432000E-6	0.036548	6.235597E-8	0.000000	0.000000	0.000000
5.412000E-6	0.341957	6.670658E-8	0.000000	0.000000	0.000000	5.436000E-6	0.032287	7.626585E-8	0.000000	0.000000	0.000000
5.420000E-6	0.299104	7.068572E-8	0.000000	0.000000	0.000000	5.448000E-6	0.013813	6.255616E-8	0.000000	0.000000	0.000000
5.412000E-6	0.409995	6.470940E-8	0.000000	0.000000	0.000000	5.448000E-6	0.010939	9.619127E-8	0.000000	0.000000	0.000000
5.424000E-6	0.271843	6.545063E-8	0.000000	0.000000	0.000000	5.448000E-6	0.017027	6.368669E-8	0.000000	0.000000	0.000000
5.416000E-6	0.386786	6.460795E-8	0.000000	0.000000	0.000000	5.440000E-6	0.034353	6.473556E-8	0.000000	0.000000	0.000000
5.428000E-6	0.301180	6.631429E-8	0.000000	0.000000	0.000000	5.448000E-6	0.033390	7.455524E-8	0.000000	0.000000	0.000000
5.428000E-6	0.302940	6.253299E-8	0.000000	0.000000	0.000000	5.460000E-6	0.014156	6.477577E-8	0.000000	0.000000	0.000000
5.412000E-6	0.391045	6.449073E-8	0.000000	0.000000	0.000000	5.444000E-6	0.016326	7.288086E-8	0.000000	0.000000	0.000000
5.404000E-6	0.439663	7.177630E-8	0.000000	0.000000	0.000000	5.436000E-6	0.034010	6.650373E-8	0.000000	0.000000	0.000000
5.420000E-6	0.333414	6.887325E-8	0.000000	0.000000	0.000000	5.440000E-6	0.037830	6.882486E-8	0.000000	0.000000	0.000000
5.408000E-6	0.407442	6.372071E-8	0.000000	0.000000	0.000000	5.432000E-6	0.044485	6.703102E-8	0.000000	0.000000	0.000000
5.416000E-6	0.347845	6.386271E-8	0.000000	0.000000	0.000000	5.444000E-6	0.026175	6.067890E-8	0.000000	0.000000	0.000000
5.432000E-6	0.251967	6.242215E-8	0.000000	0.000000	0.000000	5.460000E-6	0.013852	6.711409E-8	0.000000	0.000000	0.000000
5.408000E-6	0.409274	6.961603E-8	0.000000	0.000000	0.000000	5.440000E-6	0.021608	6.591383E-8	0.000000	0.000000	0.000000
5.420000E-6	0.281392	7.133066E-8	0.000000	0.000000	0.000000	5.448000E-6	0.032788	6.746533E-8	0.000000	0.000000	0.000000
5.408000E-6	0.454916	6.766894E-8	0.000000	0.000000	0.000000	5.428000E-6	0.035400	6.022690E-8	0.000000	0.000000	0.000000
5.424000E-6	0.303975	6.551845E-8	0.000000	0.000000	0.000000	5.452000E-6	0.027527	6.970329E-8	0.000000	0.000000	0.000000
5.420000E-6	0.328731	7.533027E-8	0.000000	0.000000	0.000000	5.452000E-6	0.043490	6.663448E-8	0.000000	0.000000	0.000000
5.408000E-6	0.391610	6.755921E-8	0.000000	0.000000	0.000000	5.436000E-6	0.042033	7.109096E-8	0.000000	0.000000	0.000000
5.432000E-6	0.240255	6.211991E-8	0.000000	0.000000	0.000000	5.460000E-6	0.014679	6.248253E-8	0.000000	0.000000	0.000000
5.424000E-6	0.309290	6.402032E-8	0.000000	0.000000	0.000000	5.448000E-6	0.031897	7.920637E-8	0.000000	0.000000	0.000000
5.416000E-6	0.397737	6.419458E-8	0.000000	0.000000	0.000000	5.440000E-6	0.023555	6.405211E-8	0.000000	0.000000	0.000000
5.420000E-6	0.339088	6.596040E-8	0.000000	0.000000	0.000000	5.444000E-6	0.038556	6.430807E-8	0.000000	0.000000	0.000000
5.416000E-6	0.327825	6.855474E-8	0.000000	0.000000	0.000000	5.440000E-6	0.039354	6.180849E-8	0.000000	0.000000	0.000000
5.424000E-6	0.281924	6.706974E-8	0.000000	0.000000	0.000000	5.448000E-6	0.033700	6.839974E-8	0.000000	0.000000	0.000000
5.420000E-6	0.312989	6.407028E-8	0.000000	0.000000	0.000000	5.448000E-6	0.020440	6.250538E-8	0.000000	0.000000	0.000000
5.428000E-6	0.226979	6.539081E-8	0.000000	0.000000	0.000000	5.448000E-6	0.039393	6.813175E-8	0.000000	0.000000	0.000000
5.432000E-6	0.250915	6.554274E-8	0.000000	0.000000	0.000000	5.456000E-6	0.017023	7.078302E-8	0.000000	0.000000	0.000000
5.408000E-6	0.431718	6.555494E-8	0.000000	0.000000	0.000000	5.432000E-6	0.053115	6.825289E-8	0.000000	0.000000	0.000000
5.428000E-6	0.253541	6.073882E-8	0.000000	0.000000	0.000000	5.452000E-6	0.038160	6.592048E-8	0.000000	0.000000	0.000000
5.412000E-6	0.389498	6.455231E-8	0.000000	0.000000	0.000000	5.436000E-6	0.038192	6.862040E-8	0.000000	0.000000	0.000000
5.420000E-6	0.366532	6.418824E-8	0.000000	0.000000	0.000000	5.444000E-6	0.038549	6.679442E-8	0.000000	0.000000	0.000000
5.420000E-6	0.339457	6.678655E-8	0.000000	0.000000	0.000000	5.452000E-6	0.014303	6.119001E-8	0.000000	0.000000	0.000000
5.420000E-6	0.368705	6.578295E-8	0.000000	0.000000	0.000000	5.444000E-6	0.026189	6.717137E-8	0.000000	0.000000	0.000000
5.408000E-6	0.451510	6.882805E-8	0.000000	0.000000	0.000000	5.432000E-6	0.035349	7.576157E-8	0.000000	0.000000	0.000000
5.424000E-6	0.284033	6.220932E-8	0.000000	0.000000	0.000000	5.444000E-6	0.041255	7.049922E-8	0.000000	0.000000	0.000000
5.412000E-6	0.387654	6.696728E-8	0.000000	0.000000	0.000000	5.436000E-6	0.020857	6.197041E-8	0.000000	0.000000	0.000000
5.416000E-6	0.412659	6.519124E-8	0.000000	0.000000	0.000000	5.460000E-6	0.012881	5.439958E-8	0.000000	0.000000	0.000000
5.424000E-6	0.286203	6.290528E-8	0.000000	0.000000	0.000000	5.444000E-6	0.020687	5.989410E-8	0.000000	0.000000	0.000000
5.420000E-6	0.360885	6.669104E-8	0.000000	0.000000	0.000000	5.448000E-6	0.025984	6.689929E-8	0.000000	0.000000	0.000000
5.420000E-6	0.350333	7.108325E-8	0.000000	0.000000	0.000000	5.448000E-6	0.013128	6.213894E-8	0.000000	0.000000	0.000000
5.424000E-6	0.286330	6.834734E-8	0.000000	0.000000	0.000000	5.440000E-6	0.046128	6.158843E-8	0.000000	0.000000	0.000000
5.412000E-6	0.375130	6.607898E-8	0.000000	0.000000	0.000000	5.436000E-6	0.033340	6.485086E-8	0.000000	0.000000	0.000000
5.416000E-6	0.361416	6.782367E-8	0.000000	0.000000	0.000000	5.448000E-6	0.015585	6.073733E-8	0.000000	0.000000	0.000000
5.408000E-6	0.407647	6.629479E-8	0.000000	0.000000	0.000000	5.440000E-6	0.028246	6.602028E-8	0.000000	0.000000	0.000000
5.428000E-6	0.233596	6.400428E-8	0.000000	0.000000	0.000000	5.452000E-6	0.035304	6.752516E-8	0.000000	0.000000	0.000000
5.432000E-6	0.236174	6.541376E-8	0.000000	0.000000	0.000000	5.460000E-6	0.014730	7.056478E-8	0.000000	0.000000	0.000000
5.420000E-6	0.273080	6.645841E-8	0.000000	0.000000	0.000000	5.444000E-6	0.041277	6.220544E-8	0.000000	0.000000	0.000000
5.424000E-6	0.262686	7.025655E-8	0.000000	0.000000	0.000000	5.448000E-6	0.026847	6.474334E-8	0.000000	0.000000	0.000000
5.420000E-6	0.381861	6.745149E-8	0.000000	0.000000	0.000000	5.456000E-6	0.015986	8.581222E-8	0.000000	0.000000	0.000000
5.412000E-6	0.345834	7.199950E-8	0.000000	0.000000	0.000000	5.444000E-6	0.016998	6.050876E-8	0.000000	0.000000	0.000000
5.424000E-6	0.258236	7.774263E-8	0.000000	0.000000	0.000000	5.452000E-6	0.029630	6.650304E-8	0.000000	0.000000	0.000000
5.424000E-6	0.303363	6.906522E-8	0.000000	0.000000	0.000000	5.444000E-6	0.041677	6.735271E-8	0.000000	0.000000	0.000000
5.404000E-6	0.470700	6.745512E-8	0.000000	0.000000	0.000000	5.432000E-6	0.042650	6.661971E-8	0.000000	0.000000	0.000000
5.408000E-6	0.400877	6.880917E-8	0.000000	0.000000	0.000000	5.428000E-6	0.038027	7.770665E-8	0.000000	0.000000	0.000000
5.428000E-6	0.271635	6.614290E-8	0.000000	0.000000	0.000000	5.448000E-6	0.027606	7.135419E-8	0.000000	0.000000	0.000000
5.432000E-6	0.224175	6.398481E-8	0.000000	0.000000	0.000000	5.456000E-6	0.036830	6.752725E-8	0.000000	0.000000	0.000000
5.420000E-6	0.291433	6.523969E-8	0.000000	0.000000	0.000000	5.448000E-6	0.021298	7.157116E-8	0.000000	0.000000	0.000000
5.424000E-6	0.283719	6.442827E-8	0.000000	0.000000	0.000000	5.448000E-6	0.062459	6.903177E-8	0.000000	0.000000	0.000000
5.432000E-6	0.226904	6.112480E-8	0.000000	0.000000	0.000000	5.456000E-6	0.025248	7.148848E-8	0.000000	0.000000	0.000000
5.416000E-6	0.282082	7.703991E-8	0.000000	0.000000	0.000000	5.456000E-6	0.014960	7.050001E-8	0.000000	0.000000	0.000000
5.416000E-6	0.366592	6.670975E-8	0.000000	0.000000	0.000000	5.436000E-6	0.037286	7.715613E-8	0.000000	0.000000	0.000000
5.420000E-6	0.318827	6.579434E-8	0.000000	0.000000	0.000000	5.444000E-6	0.044984	7.170825E-8	0.000000	0.000000	0.000000
5.424000E-6	0.267181	7.509337E-8	0.000000	0.000000	0.000000	5.444000E-6	0.047086	6.214899E-8	0.000000	0.000000	0.000000
5.420000E-6	0.347830	6.708279E-8	0.000000	0.000000	0.000000	5.444000E-6	0.033915	6.327369E-8	0.000000	0.000000	0.000000
5.420000E-6	0.303871	6.537053E-8	0.000000	0.000000	0.000000	5.444000E-6	0.043557	6.454608E-8	0.000000	0.000000	0.000000
5.428000E-6	0.244239	6.946801E-8	0.000000	0.000000	0.000000	5.448000E-6	0.042026	6.707874E-8	0.000000	0.000000	0.000000
5.428000E-6	0.268255	7.492168E-8	0.000000	0.000000	0.000000	5.456000E-6	0.022602	8.554375E-8	0.000000	0.000000	0.000000
5.420000E-6	0.399351	6.836080E-8	0.000000	0.000000	0.000000	5.444000E-6	0.030057	7.699272E-8	0.000000	0.000000	0.000000
5.416000E-6	0.353606	6.785136E-8	0.000000	0.000000	0.000000	5.444000E-6	0.034027	6.642538E-8	0.000000	0.000000	0.000000
5.416000E-6	0.331456	6.624763E-8	0.000000	0.000000	0.000000	5.440000E-6	0.040447	7.156157E-8	0.000000	0.000000	0.000000
5.420000E-6	0.293898	7.808012E-8	0.000000	0.000000	0.000000	5.448000E-6	0.017096	5.838004E-8	0.000000	0.000000	0.000000
5.416000E-6	0.344902	6.320812E-8	0.000000	0.000000	0.000000	5.448000E-6	0.024943	6.953501E-8	0.000000	0.000000	0.000000
5.424000E-6	0.271278	7.210069E-8	0.000000	0.000000	0.000000	5.452000E-6	0.022021	6.044387E-8	0.000000	0.000000	0.000000
5.424000E-6	0.296465	6.755485E-8	0.000000	0.000000	0.000000	5.448000E-6	0.021379	6.187552E-8	0.000000	0.000000	0.000000
5.440000E-6	0.175743	6.394522E-8	0.000000	0.000000	0.000000	5.456000E-6	0.037053	6.939304E-8	0.000000	0.000000	0.000000
5.424000E-6	0.296889	6.449103E-8	0.000000	0.000000	0.000000	5.448000E-6	0.028029	7.613928E-8	0.000000	0.000000	0.000000
5.420000E-6	0.354532	6.891309E-8	0.000000	0.000000	0.000000	5.448000E-6	0.020386	6.968703E-8	0.000000	0.000000	0.000000
5.420000E-6	0.360258	6.684618E-8	0.000000	0.000000	0.000000	5.448000E-6	0.018395	6.085452E-8	0.000000	0.000000	0.000000
5.420000E-6	0.345060	6.191066E-8	0.000000	0.000000	0.000000	5.440000E-6	0.048560	7.726328E-8	0.000000	0.000000	0.000000
5.432000E-6	0.228405	6.267893E-8	0.000000	0.000000	0.000000	5.452000E-6	0.042358	6.370870E-8	0.000000	0.000000	0.000000
5.416000E-6	0.355986	6.425339E-8	0.000000	0.000000	0.000000	5.460000E-6	0.012740	5.687247E-8	0.000000	0.000000	0.000000
5.420000E-6	0.314617	6.781021E-8	0.000000	0.000000	0.000000	5.460000E-6	0.016056	6.165686E-8	0.000000	0.000000	0.000000
5.416000E-6	0.347417	6.970307E-8	0.000000	0.000000	0.000000	5.440000E-6	0.024703	6.948760E-8	0.000000	0.000000	0.000000
5.424000E-6	0.285661	6.924014E-8	0.000000	0.000000	0.000000	5.444000E-6	0.042757	6.616833E-8	0.000000	0.000000	0.000000
5.420000E-6	0.348264	6.699734E-8	0.000000	0.000000	0.000000	5.796000E-6	0.007897	6.597780E-8	0.000000	0.000000	0.000000
5.412000E-6	0.388987	6.248163E-8	0.000000	0.000000	0.000000	5.440000E-6	0.018400	7.447952E-8	0.000000	0.000000	0.000000
5.432000E-6	0.207187	5.800551E-8	0.000000	0.000000	0.000000	5.456000E-6	0.016146	6.385353E-8	0.000000	0.000000	0.000000
5.400000E-6	0.436649	7.373439E-8	0.000000	0.000000	0.000000	5.424000E-6	0.032348	6.951029E-8	0.000000	0.000000	0.000000
5.408000E-6	0.412234	6.168394E-8	0.000000	0.000000	0.000000	5.432000E-6	0.030066	7.126362E-8	0.000000	0.000000	0.000000
5.400000E-6	0.484406	6.915466E-8	0.000000	0.000000	0.000000	5.440000E-6	0.015190	6.662220E-8	0.000000	0.000000	0.000000
5.416000E-6	0.367570	6.506024E-8	0.000000	0.000000	0.000000	5.436000E-6	0.043108	6.756616E-8	0.000000	0.000000	0.000000
5.428000E-6	0.278260	6.522190E-8	0.000000	0.000000	0.000000	5.456000E-6	0.013723	6.114205E-8	0.000000	0.000000	0.000000
5.416000E-6	0.387844	6.385981E-8	0.000000	0.000000	0.000000	5.436000E-6	0.044391	6.513850E-8	0.000000	0.000000	0.000000
5.432000E-6	0.232790	6.213466E-8	0.000000	0.000000	0.000000	5.460000E-6	0.016011	5.927947E-8	0.000000	0.000000	0.000000
5.416000E-6	0.301059	6.350108E-8	0.000000	0.000000	0.000000	5.444000E-6	0.037685	6.991586E-8	0.000000	0.000000	0.000000
5.416000E-6	0.345451	7.394645E-8	0.000000	0.000000	0.000000	5.456000E-6	0.016454	5.686677E-8	0.000000	0.000000	0.000000
5.420000E-6	0.295702	6.715132E-8	0.000000	0.000000	0.000000	5.444000E-6	0.030308	7.284535E-8	0.000000	0.000000	0.000000
5.424000E-6	0.321141	6.522355E-8	0.000000	0.000000	0.000000	5.448000E-6	0.020607	6.864983E-8	0.000000	0.000000	0.000000
5.428000E-6	0.272468	6.552937E-8	0.000000	0.000000	0.000000	5.452000E-6	0.028916	7.387982E-8	0.000000	0.000000	0.000000
5.420000E-6	0.322881	6.461556E-8	0.000000	0.000000	0.000000	5.444000E-6	0.025923	6.183570E-8	0.000000	0.000000	0.000000
5.412000E-6	0.384062	6.450521E-8	0.000000	0.000000	0.000000	5.436000E-6	0.035764	6.856439E-8	0.000000	0.000000	0.000000
5.424000E-6	0.309275	6.136714E-8	0.000000	0.000000	0.000000	5.448000E-6	0.027895	7.927036E-8	0.000000	0.000000	0.000000
5.420000E-6	0.327425	6.794330E-8	0.000000	0.000000	0.000000	5.440000E-6	0.077699	6.883739E-8	0.000000	0.000000	0.000000
5.420000E-6	0.334007	6.983875E-8	0.000000	0.000000	0.000000	5.440000E-6	0.048391	6.377148E-8	0.000000	0.000000	0.000000
5.412000E-6	0.437131	6.576152E-8	0.000000	0.000000	0.000000	5.440000E-6	0.021651	6.744343E-8	0.000000	0.000000	0.000000
5.416000E-6	0.368344	6.565953E-8	0.000000	0.000000	0.000000	5.440000E-6	0.034911	6.695807E-8	0.000000	0.000000	0.000000
5.424000E-6	0.294815	6.407318E-8	0.000000	0.000000	0.000000	5.448000E-6	0.037014	6.954068E-8	0.000000	0.000000	0.000000
5.412000E-6	0.345137	6.617192E-8	0.000000	0.000000	0.000000	5.432000E-6	0.028431	6.483769E-8	0.000000	0.000000	0.000000
5.408000E-6	0.460286	6.855366E-8	0.000000	0.000000	0.000000	5.428000E-6	0.032537	6.590028E-8	0.000000	0.000000	0.000000
5.396000E-6	0.500642	7.034896E-8	0.000000	0.000000	0.000000	5.424000E-6	0.032960	6.610919E-8	0.000000	0.000000	0.000000
5.420000E-6	0.349074	6.480637E-8	0.000000	0.000000	0.000000	5.448000E-6	0.023570	6.104668E-8	0.000000	0.000000	0.000000
5.416000E-6	0.300299	6.696569E-8	0.000000	0.000000	0.000000	5.444000E-6	0.018068	5.972363E-8	0.000000	0.000000	0.000000
5.432000E-6	0.229154	6.758790E-8	0.000000	0.000000	0.000000	5.460000E-6	0.015808	6.940598E-8	0.000000	0.000000	0.000000
5.408000E-6	0.448448	6.631407E-8	0.000000	0.000000	0.000000	5.440000E-6	0.022098	6.081014E-8	0.000000	0.000000	0.000000
5.412000E-6	0.358994	6.806071E-8	0.000000	0.000000	0.000000	5.444000E-6	0.012529	5.664943E-8	0.000000	0.000000	0.000000
5.424000E-6	0.281209	6.039045E-8	0.000000	0.000000	0.000000	5.448000E-6	0.028612	6.203111E-8	0.000000	0.000000	0.000000
5.408000E-6	0.427722	7.266351E-8	0.000000	0.000000	0.000000	5.428000E-6	0.070640	6.904627E-8	0.000000	0.000000	0.000000
5.396000E-6	0.535187	7.010532E-8	0.000000	0.000000	0.000000	5.424000E-6	0.033980	6.587904E-8	0.000000	0.000000	0.000000
5.424000E-6	0.252255	6.282565E-8	0.000000	0.000000	0.000000	5.444000E-6	0.039964	6.430738E-8	0.000000	0.000000	0.000000
5.432000E-6	0.233553	6.306553E-8	0.000000	0.000000	0.000000	5.472000E-6	0.012287	5.532907E-8	0.000000	0.000000	0.000000
5.404000E-6	0.470790	7.060389E-8	0.000000	0.000000	0.000000	5.428000E-6	0.039175	6.531477E-8	0.000000	0.000000	0.000000
5.440000E-6	0.201441	5.913056E-8	0.000000	0.000000	0.000000	5.472000E-6	0.008581	6.690973E-8	0.000000	0.000000	0.000000
5.416000E-6	0.359245	6.807752E-8	0.000000	0.000000	0.000000	5.440000E-6	0.040249	7.455741E-8	0.000000	0.000000	0.000000
5.412000E-6	0.375158	6.660124E-8	0.000000	0.000000	0.000000	5.444000E-6	0.018704	6.208856E-8	0.000000	0.000000	0.000000
5.420000E-6	0.363136	6.355855E-8	0.000000	0.000000	0.000000	5.444000E-6	0.034990	7.155992E-8	0.000000	0.000000	0.000000
5.412000E-6	0.422015	6.811997E-8	0.000000	0.000000	0.000000	5.436000E-6	0.044216	6.405112E-8	0.000000	0.000000	0.000000
5.420000E-6	0.385941	6.341876E-8	0.000000	0.000000	0.000000	5.444000E-6	0.017017	6.056394E-8	0.000000	0.000000	0.000000
5.420000E-6	0.316842	6.339419E-8	0.000000	0.000000	0.000000	5.440000E-6	0.053156	6.528148E-8	0.000000	0.000000	0.000000
5.424000E-6	0.300765	6.369899E-8	0.000000	0.000000	0.000000	5.448000E-6	0.023314	6.156780E-8	0.000000	0.000000	0.000000
5.428000E-6	0.274004	6.593134E-8	0.000000	0.000000	0.000000	5.472000E-6	0.015681	6.711577E-8	0.000000	0.000000	0.000000
5.424000E-6	0.311020	6.442127E-8	0.000000	0.000000	0.000000	5.440000E-6	0.055868	6.422708E-8	0.000000	0.000000	0.000000
5.408000E-6	0.461175	6.854903E-8	0.000000	0.000000	0.000000	5.428000E-6	0.048714	6.831560E-8	0.000000	0.000000	0.000000
5.384000E-6	0.581248	8.499422E-8	0.000000	0.000000	0.000000	5.408000E-6	0.021506	6.501586E-8	0.000000	0.000000	0.000000
5.416000E-6	0.367013	6.360709E-8	0.000000	0.000000	0.000000	5.440000E-6	0.039502	7.306455E-8	0.000000	0.000000	0.000000
5.420000E-6	0.343190	6.451620E-8	0.000000	0.000000	0.000000	5.440000E-6	0.030570	6.737703E-8	0.000000	0.000000	0.000000
5.428000E-6	0.240695	6.835852E-8	0.000000	0.000000	0.000000	5.452000E-6	0.032005	6.512865E-8	0.000000	0.000000	0.000000
5.420000E-6	0.376816	6.764161E-8	0.000000	0.000000	0.000000	5.448000E-6	0.025678	7.176310E-8	0.000000	0.000000	0.000000
5.412000E-6	0.376421	7.122395E-8	0.000000	0.000000	0.000000	5.448000E-6	0.006759	6.495382E-8	0.000000	0.000000	0.000000
5.408000E-6	0.432726	6.797045E-8	0.000000	0.000000	0.000000	5.428000E-6	0.050716	6.314487E-8	0.000000	0.000000	0.000000
5.416000E-6	0.331512	6.261715E-8	0.000000	0.000000	0.000000	5.440000E-6	0.019790	6.165036E-8	0.000000	0.000000	0.000000
5.428000E-6	0.257118	6.323061E-8	0.000000	0.000000	0.000000	5.448000E-6	0.022976	6.427815E-8	0.000000	0.000000	0.000000
5.420000E-6	0.350900	7.222750E-8	0.000000	0.000000	0.000000	5.448000E-6	0.019476	7.090417E-8	0.000000	0.000000	0.000000
5.416000E-6	0.323102	7.179353E-8	0.000000	0.000000	0.000000	5.436000E-6	0.028691	6.609580E-8	0.000000	0.000000	0.000000
5.420000E-6	0.380217	6.414995E-8	0.000000	0.000000	0.000000	5.444000E-6	0.031973	7.003495E-8	0.000000	0.000000	0.000000
5.420000E-6	0.350916	6.839214E-8	0.000000	0.000000	0.000000	5.444000E-6	0.018315	6.529730E-8	0.000000	0.000000	0.000000
5.412000E-6	0.378485	6.699046E-8	0.000000	0.000000	0.000000	5.448000E-6	0.023368	7.323991E-8	0.000000	0.000000	0.000000
5.416000E-6	0.358195	6.292407E-8	0.000000	0.000000	0.000000	5.444000E-6	0.021217	6.160336E-8	0.000000	0.000000	0.000000
5.412000E-6	0.352837	6.802890E-8	0.000000	0.000000	0.000000	5.436000E-6	0.024003	6.658465E-8	0.000000	0.000000	0.000000
5.428000E-6	0.227290	5.906812E-8	0.000000	0.000000	0.000000	5.456000E-6	0.014405	5.764215E-8	0.000000	0.000000	0.000000
5.424000E-6	0.258749	6.742214E-8	0.000000	0.000000	0.000000	5.452000E-6	0.020357	7.259445E-8	0.000000	0.000000	0.000000
5.408000E-6	0.449707	6.712139E-8	0.000000	0.000000	0.000000	5.444000E-6	0.011128	6.346452E-8	0.000000	0.000000	0.000000
5.412000E-6	0.402659	6.467911E-8	0.000000	0.000000	0.000000	5.436000E-6	0.044802	6.611543E-8	0.000000	0.000000	0.000000
5.428000E-6	0.297559	6.391390E-8	0.000000	0.000000	0.000000	5.448000E-6	0.023277	6.530465E-8	0.000000	0.000000	0.000000
5.420000E-6	0.319708	6.868719E-8	0.000000	0.000000	0.000000	5.440000E-6	0.021334	6.350048E-8	0.000000	0.000000	0.000000
5.424000E-6	0.256843	7.015940E-8	0.000000	0.000000	0.000000	5.456000E-6	0.008139	7.263076E-8	0.000000	0.000000	0.000000
5.416000E-6	0.390313	6.841578E-8	0.000000	0.000000	0.000000	5.444000E-6	0.022977	6.286204E-8	0.000000	0.000000	0.000000
5.408000E-6	0.411957	6.655373E-8	0.000000	0.000000	0.000000	5.436000E-6	0.019084	8.444401E-8	0.000000	0.000000	0.000000
5.408000E-6	0.341802	6.980915E-8	0.000000	0.000000	0.000000	5.440000E-6	0.019822	6.483139E-8	0.000000	0.000000	0.000000
5.412000E-6	0.368206	6.809765E-8	0.000000	0.000000	0.000000	5.428000E-6	0.052428	6.616959E-8	0.000000	0.000000	0.000000
5.424000E-6	0.326430	7.700016E-8	0.000000	0.000000	0.000000	5.444000E-6	0.056008	6.452321E-8	0.000000	0.000000	0.000000
5.432000E-6	0.245841	6.737604E-8	0.000000	0.000000	0.000000	5.460000E-6	0.018275	6.207784E-8	0.000000	0.000000	0.000000
5.420000E-6	0.359652	6.324547E-8	0.000000	0.000000	0.000000	5.440000E-6	0.047324	7.300509E-8	0.000000	0.000000	0.000000
5.420000E-6	0.327732	6.792465E-8	0.000000	0.000000	0.000000	5.444000E-6	0.045261	6.604900E-8	0.000000	0.000000	0.000000
5.440000E-6	0.184961	6.375102E-8	0.000000	0.000000	0.000000	5.464000E-6	0.014142	6.690638E-8	0.000000	0.000000	0.000000
5.428000E-6	0.262353	6.625429E-8	0.000000	0.000000	0.000000	5.448000E-6	0.021138	5.898048E-8	0.000000	0.000000	0.000000
5.416000E-6	0.353434	7.396124E-8	0.000000	0.000000	0.000000	5.436000E-6	0.047034	6.066109E-8	0.000000	0.000000	0.000000
5.432000E-6	0.242703	6.213589E-8	0.000000	0.000000	0.000000	5.456000E-6	0.021113	6.418624E-8	0.000000	0.000000	0.000000
5.428000E-6	0.258686	6.610878E-8	0.000000	0.000000	0.000000	5.448000E-6	0.027153	6.451713E-8	0.000000	0.000000	0.000000
5.420000E-6	0.329014	6.961767E-8	0.000000	0.000000	0.000000	5.440000E-6	0.029339	6.398436E-8	0.000000	0.000000	0.000000
5.432000E-6	0.239458	6.649246E-8	0.000000	0.000000	0.000000	5.448000E-6	0.055069	6.607123E-8	0.000000	0.000000	0.000000
5.404000E-6	0.494068	6.783759E-8	0.000000	0.000000	0.000000	5.432000E-6	0.026741	6.254292E-8	0.000000	0.000000	0.000000
5.412000E-6	0.373754	7.429888E-8	0.000000	0.000000	0.000000	5.432000E-6	0.038266	6.315736E-8	0.000000	0.000000	0.000000
5.424000E-6	0.285796	6.721334E-8	0.000000	0.000000	0.000000	5.452000E-6	0.018897	6.959485E-8	0.000000	0.000000	0.000000
5.416000E-6	0.376085	6.608927E-8	0.000000	0.000000	0.000000	5.448000E-6	0.012006	5.988397E-8	0.000000	0.000000	0.000000
5.408000E-6	0.472003	6.801517E-8	0.000000	0.000000	0.000000	5.436000E-6	0.019963	7.978136E-8	0.000000	0.000000	0.000000
5.424000E-6	0.273748	6.359877E-8	0.000000	0.000000	0.000000	5.456000E-6	0.013492	6.242312E-8	0.000000	0.000000	0.000000
5.416000E-6	0.368110	6.471268E-8	0.000000	0.000000	0.000000	5.440000E-6	0.017723	5.687907E-8	0.000000	0.000000	0.000000
5.432000E-6	0.208939	6.312742E-8	0.000000	0.000000	0.000000	5.460000E-6	0.013576	6.114583E-8	0.000000	0.000000	0.000000
5.428000E-6	0.263952	6.658145E-8	0.000000	0.000000	0.000000	5.452000E-6	0.017445	6.708964E-8	0.000000	0.000000	0.000000
5.424000E-6	0.310546	6.267942E-8	0.000000	0.000000	0.000000	5.448000E-6	0.025520	5.764724E-8	0.000000	0.000000	0.000000
5.416000E-6	0.396294	6.737353E-8	0.000000	0.000000	0.000000	5.440000E-6	0.038289	7.270551E-8	0.000000	0.000000	0.000000
5.416000E-6	0.314458	7.098177E-8	0.000000	0.000000	0.000000	5.456000E-6	0.018023	6.580844E-8	0.000000	0.000000	0.000000
5.432000E-6	0.239671	7.871871E-8	0.000000	0.000000	0.000000	5.452000E-6	0.036188	6.455867E-8	0.000000	0.000000	0.000000
5.424000E-6	0.277965	6.645902E-8	0.000000	0.000000	0.000000	5.452000E-6	0.019795	6.051526E-8	0.000000	0.000000	0.000000
5.428000E-6	0.275016	6.318296E-8	0.000000	0.000000	0.000000	5.440000E-6	0.050273	6.382363E-8	0.000000	0.000000	0.000000
5.408000E-6	0.410621	6.487380E-8	0.000000	0.000000	0.000000	5.440000E-6	0.025159	6.614224E-8	0.000000	0.000000	0.000000
5.432000E-6	0.242494	6.219977E-8	0.000000	0.000000	0.000000	5.460000E-6	0.012988	6.491631E-8	0.000000	0.000000	0.000000
5.428000E-6	0.244604	6.122850E-8	0.000000	0.000000	0.000000	5.448000E-6	0.018671	6.593793E-8	0.000000	0.000000	0.000000
5.416000E-6	0.342699	6.112065E-8	0.000000	0.000000	0.000000	5.444000E-6	0.046386	6.902351E-8	0.000000	0.000000	0.000000
5.420000E-6	0.325252	6.198010E-8	0.000000	0.000000	0.000000	5.444000E-6	0.013640	5.220438E-8	0.000000	0.000000	0.000000
5.416000E-6	0.358749	6.668873E-8	0.000000	0.000000	0.000000	5.448000E-6	0.014647	7.026751E-8	0.000000	0.000000	0.000000
5.420000E-6	0.316026	7.525334E-8	0.000000	0.000000	0.000000	5.460000E-6	0.014878	6.772857E-8	0.000000	0.000000	0.000000
5.424000E-6	0.289566	6.353422E-8	0.000000	0.000000	0.000000	5.444000E-6	0.047709	6.098899E-8	0.000000	0.000000	0.000000
5.416000E-6	0.298307	6.841451E-8	0.000000	0.000000	0.000000	5.444000E-6	0.042798	6.148637E-8	0.000000	0.000000	0.000000
5.436000E-6	0.207494	6.609227E-8	0.000000	0.000000	0.000000	5.460000E-6	0.022421	6.762455E-8	0.000000	0.000000	0.000000
5.420000E-6	0.306543	6.660064E-8	0.000000	0.000000	0.000000	5.448000E-6	0.034677	6.718462E-8	0.000000	0.000000	0.000000
5.424000E-6	0.329234	6.461426E-8	0.000000	0.000000	0.000000	5.448000E-6	0.052227	7.319128E-8	0.000000	0.000000	0.000000
5.420000E-6	0.318948	6.650538E-8	0.000000	0.000000	0.000000	5.444000E-6	0.025703	6.584145E-8	0.000000	0.000000	0.000000
5.412000E-6	0.354000	6.505124E-8	0.000000	0.000000	0.000000	5.436000E-6	0.026917	6.597212E-8	0.000000	0.000000	0.000000
5.428000E-6	0.243361	6.022153E-8	0.000000	0.000000	0.000000	5.456000E-6	0.016285	5.670585E-8	0.000000	0.000000	0.000000
5.416000E-6	0.423522	6.858966E-8	0.000000	0.000000	0.000000	5.436000E-6	0.037411	6.757638E-8	0.000000	0.000000	0.000000
5.408000E-6	0.426323	7.013504E-8	0.000000	0.000000	0.000000	5.432000E-6	0.035858	7.370299E-8	0.000000	0.000000	0.000000
5.428000E-6	0.266368	6.219358E-8	0.000000	0.000000	0.000000	5.456000E-6	0.013552	5.736095E-8	0.000000	0.000000	0.000000
5.404000E-6	0.395368	6.475679E-8	0.000000	0.000000	0.000000	5.436000E-6	0.025976	6.774274E-8	0.000000	0.000000	0.000000
5.432000E-6	0.196913	5.865103E-8	0.000000	0.000000	0.000000	5.448000E-6	0.036682	6.861844E-8	0.000000	0.000000	0.000000
5.412000E-6	0.356697	6.688045E-8	0.000000	0.000000	0.000000	5.436000E-6	0.038947	6.568339E-8	0.000000	0.000000	0.000000
5.416000E-6	0.326129	6.828311E-8	0.000000	0.000000	0.000000	5.440000E-6	0.036706	6.253980E-8	0.000000	0.000000	0.000000
5.412000E-6	0.365594	6.572894E-8	0.000000	0.000000	0.000000	5.440000E-6	0.025507	5.933436E-8	0.000000	0.000000	0.000000
5.408000E-6	0.412469	6.475173E-8	0.000000	0.000000	0.000000	5.432000E-6	0.047981	6.929041E-8	0.000000	0.000000	0.000000
5.416000E-6	0.416313	6.815859E-8	0.000000	0.000000	0.000000	5.444000E-6	0.017599	6.151568E-8	0.000000	0.000000	0.000000
5.420000E-6	0.322237	6.796528E-8	0.000000	0.000000	0.000000	5.452000E-6	0.013739	5.770782E-8	0.000000	0.000000	0.000000
5.424000E-6	0.264845	6.425436E-8	0.000000	0.000000	0.000000	5.448000E-6	0.027854	7.007548E-8	0.000000	0.000000	0.000000
5.432000E-6	0.263688	7.269768E-8	0.000000	0.000000	0.000000	5.460000E-6	0.013270	6.112005E-8	0.000000	0.000000	0.000000
5.420000E-6	0.337648	6.292278E-8	0.000000	0.000000	0.000000	5.448000E-6	0.021298	6.168664E-8	0.000000	0.000000	0.000000
5.420000E-6	0.330012	6.855065E-8	0.000000	0.000000	0.000000	5.448000E-6	0.022490	6.453817E-8	0.000000	0.000000	0.000000
5.416000E-6	0.369729	6.476916E-8	0.000000	0.000000	0.000000	5.448000E-6	0.009761	5.858033E-8	0.000000	0.000000	0.000000
5.416000E-6	0.341680	6.904404E-8	0.000000	0.000000	0.000000	5.444000E-6	0.030666	6.472801E-8	0.000000	0.000000	0.000000
5.420000E-6	0.312078	6.628288E-8	0.000000	0.000000	0.000000	5.444000E-6	0.023816	6.951258E-8	0.000000	0.000000	0.000000
5.424000E-6	0.307070	6.487428E-8	0.000000	0.000000	0.000000	5.444000E-6	0.030356	8.139571E-8	0.000000	0.000000	0.000000
5.420000E-6	0.301062	6.713943E-8	0.000000	0.000000	0.000000	5.452000E-6	0.010296	5.549024E-8	0.000000	0.000000	0.000000
5.424000E-6	0.288234	6.525134E-8	0.000000	0.000000	0.000000	5.448000E-6	0.020713	6.068123E-8	0.000000	0.000000	0.000000
5.432000E-6	0.225393	6.324089E-8	0.000000	0.000000	0.000000	5.448000E-6	0.050463	6.580606E-8	0.000000	0.000000	0.000000
5.396000E-6	0.512516	7.012609E-8	0.000000	0.000000	0.000000	5.428000E-6	0.022073	7.359686E-8	0.000000	0.000000	0.000000
5.432000E-6	0.236523	6.903117E-8	0.000000	0.000000	0.000000	5.456000E-6	0.021251	6.283009E-8	0.000000	0.000000	0.000000
5.412000E-6	0.406942	7.183294E-8	0.000000	0.000000	0.000000	5.432000E-6	0.061717	6.947314E-8	0.000000	0.000000	0.000000
5.428000E-6	0.232595	6.708728E-8	0.000000	0.000000	0.000000	5.460000E-6	0.014976	6.249717E-8	0.000000	0.000000	0.000000
5.436000E-6	0.238393	6.687650E-8	0.000000	0.000000	0.000000	5.452000E-6	0.037836	6.850588E-8	0.000000	0.000000	0.000000
5.420000E-6	0.322812	6.589851E-8	0.000000	0.000000	0.000000	5.440000E-6	0.039632	6.267472E-8	0.000000	0.000000	0.000000
5.420000E-6	0.311949	6.616871E-8	0.000000	0.000000	0.000000	5.452000E-6	0.018115	6.948853E-8	0.000000	0.000000	0.000000
5.424000E-6	0.313832	7.000636E-8	0.000000	0.000000	0.000000	5.448000E-6	0.022988	6.113891E-8	0.000000	0.000000	0.000000
5.416000E-6	0.373065	6.073368E-8	0.000000	0.000000	0.000000	5.448000E-6	0.020532	6.368276E-8	0.000000	0.000000	0.000000
5.424000E-6	0.283818	6.275914E-8	0.000000	0.000000	0.000000	5.452000E-6	0.008522	7.908888E-8	0.000000	0.000000	0.000000
5.412000E-6	0.382300	6.318764E-8	0.000000	0.000000	0.000000	5.440000E-6	0.017803	5.760975E-8	0.000000	0.000000	0.000000
5.412000E-6	0.429098	6.658148E-8	0.000000	0.000000	0.000000	5.440000E-6	0.026301	7.845688E-8	0.000000	0.000000	0.000000
5.436000E-6	0.177686	5.769231E-8	0.000000	0.000000	0.000000	5.464000E-6	0.016085	8.102079E-8	0.000000	0.000000	0.000000
5.428000E-6	0.271748	6.924933E-8	0.000000	0.000000	0.000000	5.452000E-6	0.075960	6.776280E-8	0.000000	0.000000	0.000000
5.416000E-6	0.398612	6.308423E-8	0.000000	0.000000	0.000000	5.436000E-6	0.026353	6.330891E-8	0.000000	0.000000	0.000000
5.428000E-6	0.275332	6.806091E-8	0.000000	0.000000	0.000000	5.452000E-6	0.042554	6.771260E-8	0.000000	0.000000	0.000000
5.412000E-6	0.391717	6.487249E-8	0.000000	0.000000	0.000000	5.436000E-6	0.043928	6.563069E-8	0.000000	0.000000	0.000000
5.420000E-6	0.362034	7.359897E-8	0.000000	0.000000	0.000000	5.440000E-6	0.026334	6.116037E-8	0.000000	0.000000	0.000000
5.420000E-6	0.356726	6.430659E-8	0.000000	0.000000	0.000000	5.444000E-6	0.032024	7.230866E-8	0.000000	0.000000	0.000000
5.432000E-6	0.231008	6.116735E-8	0.000000	0.000000	0.000000	5.452000E-6	0.022550	6.541873E-8	0.000000	0.000000	0.000000
5.436000E-6	0.200061	6.054501E-8	0.000000	0.000000	0.000000	5.464000E-6	0.012300	5.655080E-8	0.000000	0.000000	0.000000
5.408000E-6	0.394978	6.804305E-8	0.000000	0.000000	0.000000	5.432000E-6	0.042122	6.507795E-8	0.000000	0.000000	0.000000
5.424000E-6	0.321233	6.475136E-8	0.000000	0.000000	0.000000	5.452000E-6	0.015110	6.522032E-8	0.000000	0.000000	0.000000
5.396000E-6	0.533385	7.519785E-8	0.000000	0.000000	0.000000	5.420000E-6	0.028911	5.828999E-8	0.000000	0.000000	0.000000
5.428000E-6	0.249177	6.393555E-8	0.000000	0.000000	0.000000	5.456000E-6	0.020783	6.471908E-8	0.000000	0.000000	0.000000
5.420000E-6	0.326470	6.468407E-8	0.000000	0.000000	0.000000	5.440000E-6	0.031308	6.958236E-8	0.000000	0.000000	0.000000
5.436000E-6	0.212959	7.404835E-8	0.000000	0.000000	0.000000	5.452000E-6	0.047538	7.293310E-8	0.000000	0.000000	0.000000
5.424000E-6	0.287410	7.095106E-8	0.000000	0.000000	0.000000	5.456000E-6	0.017616	6.289821E-8	0.000000	0.000000	0.000000
5.436000E-6	0.201024	6.531287E-8	0.000000	0.000000	0.000000	5.452000E-6	0.042400	6.872481E-8	0.000000	0.000000	0.000000
5.436000E-6	0.223283	6.755615E-8	0.000000	0.000000	0.000000	5.456000E-6	0.027346	6.458367E-8	0.000000	0.000000	0.000000
5.436000E-6	0.233229	7.965556E-8	0.000000	0.000000	0.000000	5.456000E-6	0.020859	7.287743E-8	0.000000	0.000000	0.000000
5.428000E-6	0.300250	6.967237E-8	0.000000	0.000000	0.000000	5.444000E-6	0.038930	7.373335E-8	0.000000	0.000000	0.000000
5.416000E-6	0.279434	6.604330E-8	0.000000	0.000000	0.000000	5.440000E-6	0.025187	6.166231E-8	0.000000	0.000000	0.000000
5.420000E-6	0.342058	6.805463E-8	0.000000	0.000000	0.000000	5.444000E-6	0.028259	6.404878E-8	0.000000	0.000000	0.000000
5.424000E-6	0.267398	6.051047E-8	0.000000	0.000000	0.000000	5.448000E-6	0.054139	6.399766E-8	0.000000	0.000000	0.000000
5.424000E-6	0.271158	6.622936E-8	0.000000	0.000000	0.000000	5.456000E-6	0.016424	6.751446E-8	0.000000	0.000000	0.000000
5.416000E-6	0.398399	6.420737E-8	0.000000	0.000000	0.000000	5.444000E-6	0.023721	6.104323E-8	0.000000	0.000000	0.000000
5.436000E-6	0.206897	6.644528E-8	0.000000	0.000000	0.000000	5.460000E-6	0.035569	7.104700E-8	0.000000	0.000000	0.000000
5.420000E-6	0.284853	6.641855E-8	0.000000	0.000000	0.000000	5.444000E-6	0.048151	6.820162E-8	0.000000	0.000000	0.000000
5.424000E-6	0.335002	7.145048E-8	0.000000	0.000000	0.000000	5.444000E-6	0.051520	6.471802E-8	0.000000	0.000000	0.000000
5.412000E-6	0.316158	6.659373E-8	0.000000	0.000000	0.000000	5.436000E-6	0.030875	6.746823E-8	0.000000	0.000000	0.000000
5.424000E-6	0.259333	6.392186E-8	0.000000	0.000000	0.000000	5.456000E-6	0.018403	7.904062E-8	0.000000	0.000000	0.000000
5.408000E-6	0.474308	6.952851E-8	0.000000	0.000000	0.000000	5.440000E-6	0.017342	6.265581E-8	0.000000	0.000000	0.000000
5.436000E-6	0.250633	7.106302E-8	0.000000	0.000000	0.000000	5.460000E-6	0.022102	6.575536E-8	0.000000	0.000000	0.000000
5.420000E-6	0.343650	6.303931E-8	0.000000	0.000000	0.000000	5.440000E-6	0.043107	6.600073E-8	0.000000	0.000000	0.000000
5.416000E-6	0.320022	6.612679E-8	0.000000	0.000000	0.000000	5.440000E-6	0.022226	6.001771E-8	0.000000	0.000000	0.000000
5.412000E-6	0.392262	6.574951E-8	0.000000	0.000000	0.000000	5.432000E-6	0.049724	6.170049E-8	0.000000	0.000000	0.000000
5.424000E-6	0.289915	6.185669E-8	0.000000	0.000000	0.000000	1.016800E-5	0.018106	6.730369E-8	0.000000	0.000000	0.000000
5.424000E-6	0.318973	6.706343E-8	0.000000	0.000000	0.000000	5.444000E-6	0.060877	6.508072E-8	0.000000	0.000000	0.000000
5.436000E-6	0.219288	5.971690E-8	0.000000	0.000000	0.000000	5.460000E-6	0.020906	6.417818E-8	0.000000	0.000000	0.000000
5.416000E-6	0.325163	6.214350E-8	0.000000	0.000000	0.000000	5.440000E-6	0.033797	7.092009E-8	0.000000	0.000000	0.000000
5.428000E-6	0.269748	6.523048E-8	0.000000	0.000000	0.000000	5.452000E-6	0.025669	6.372123E-8	0.000000	0.000000	0.000000
5.412000E-6	0.340168	6.426015E-8	0.000000	0.000000	0.000000	5.448000E-6	0.013632	5.649612E-8	0.000000	0.000000	0.000000
5.432000E-6	0.218463	6.195452E-8	0.000000	0.000000	0.000000	5.452000E-6	0.029962	6.470432E-8	0.000000	0.000000	0.000000
5.428000E-6	0.291749	6.452796E-8	0.000000	0.000000	0.000000	5.452000E-6	0.032060	6.784655E-8	0.000000	0.000000	0.000000
5.420000E-6	0.313721	6.814133E-8	0.000000	0.000000	0.000000	5.436000E-6	0.030681	6.010782E-8	0.000000	0.000000	0.000000
5.416000E-6	0.311987	6.257482E-8	0.000000	0.000000	0.000000	5.436000E-6	0.043701	6.902441E-8	0.000000	0.000000	0.000000
5.428000E-6	0.252617	6.612316E-8	0.000000	0.000000	0.000000	5.456000E-6	0.022037	6.464478E-8	0.000000	0.000000	0.000000
5.416000E-6	0.350807	6.773231E-8	0.000000	0.000000	0.000000	5.440000E-6	0.029235	8.907532E-8	0.000000	0.000000	0.000000
5.416000E-6	0.410651	6.456312E-8	0.000000	0.000000	0.000000	5.440000E-6	0.036310	6.264937E-8	0.000000	0.000000	0.000000
5.416000E-6	0.330355	6.102975E-8	0.000000	0.000000	0.000000	5.460000E-6	0.015649	6.732910E-8	0.000000	0.000000	0.000000
5.408000E-6	0.420499	6.709644E-8	0.000000	0.000000	0.000000	5.432000E-6	0.049977	6.758585E-8	0.000000	0.000000	0.000000
5.404000E-6	0.489386	6.914046E-8	0.000000	0.000000	0.000000	5.428000E-6	0.043497	6.536518E-8	0.000000	0.000000	0.000000
5.400000E-6	0.529274	7.271476E-8	0.000000	0.000000	0.000000	5.424000E-6	0.043671	7.011321E-8	0.000000	0.000000	0.000000
5.424000E-6	0.289690	6.341790E-8	0.000000	0.000000	0.000000	5.444000E-6	0.022246	7.315425E-8	0.000000	0.000000	0.000000
5.420000E-6	0.329832	6.426730E-8	0.000000	0.000000	0.000000	5.448000E-6	0.022442	6.136539E-8	0.000000	0.000000	0.000000
5.404000E-6	0.446941	6.818599E-8	0.000000	0.000000	0.000000	5.428000E-6	0.033227	7.094995E-8	0.000000	0.000000	0.000000
5.416000E-6	0.350756	6.529039E-8	0.000000	0.000000	0.000000	5.444000E-6	0.022336	6.619831E-8	0.000000	0.000000	0.000000
5.424000E-6	0.294523	6.335397E-8	0.000000	0.000000	0.000000	5.448000E-6	0.022223	7.064783E-8	0.000000	0.000000	0.000000
5.416000E-6	0.346229	6.502636E-8	0.000000	0.000000	0.000000	5.448000E-6	0.020949	6.995884E-8	0.000000	0.000000	0.000000
5.420000E-6	0.298711	6.758436E-8	0.000000	0.000000	0.000000	5.452000E-6	0.010482	6.262905E-8	0.000000	0.000000	0.000000
5.408000E-6	0.415541	6.330559E-8	0.000000	0.000000	0.000000	5.444000E-6	0.032750	6.948071E-8	0.000000	0.000000	0.000000
5.440000E-6	0.192485	6.306496E-8	0.000000	0.000000	0.000000	5.464000E-6	0.018616	6.738894E-8	0.000000	0.000000	0.000000
5.412000E-6	0.402798	6.446763E-8	0.000000	0.000000	0.000000	5.436000E-6	0.053736	6.921597E-8	0.000000	0.000000	0.000000
5.412000E-6	0.363405	6.481681E-8	0.000000	0.000000	0.000000	5.432000E-6	0.041711	6.520219E-8	0.000000	0.000000	0.000000
5.416000E-6	0.359542	6.963981E-8	0.000000	0.000000	0.000000	5.440000E-6	0.040621	7.017935E-8	0.000000	0.000000	0.000000
5.408000E-6	0.446112	6.328216E-8	0.000000	0.000000	0.000000	5.440000E-6	0.024089	6.924100E-8	0.000000	0.000000	0.000000
5.428000E-6	0.239106	6.259392E-8	0.000000	0.000000	0.000000	5.456000E-6	0.019809	6.602194E-8	0.000000	0.000000	0.000000
5.408000E-6	0.469931	6.726660E-8	0.000000	0.000000	0.000000	5.432000E-6	0.033686	6.483745E-8	0.000000	0.000000	0.000000
5.408000E-6	0.428392	6.735312E-8	0.000000	0.000000	0.000000	5.428000E-6	0.054074	7.054581E-8	0.000000	0.000000	0.000000
5.416000E-6	0.324484	6.520919E-8	0.000000	0.000000	0.000000	5.440000E-6	0.046415	6.816754E-8	0.000000	0.000000	0.000000
5.420000E-6	0.319750	6.535285E-8	0.000000	0.000000	0.000000	5.436000E-6	0.068284	6.579866E-8	0.000000	0.000000	0.000000
5.432000E-6	0.222079	6.396288E-8	0.000000	0.000000	0.000000	5.464000E-6	0.012541	5.884784E-8	0.000000	0.000000	0.000000
5.412000E-6	0.392590	6.689452E-8	0.000000	0.000000	0.000000	5.428000E-6	0.082600	6.837322E-8	0.000000	0.000000	0.000000
5.420000E-6	0.296684	8.137509E-8	0.000000	0.000000	0.000000	5.444000E-6	0.027971	6.538757E-8	0.000000	0.000000	0.000000
5.420000E-6	0.354982	7.139844E-8	0.000000	0.000000	0.000000	5.440000E-6	0.033775	6.102218E-8	0.000000	0.000000	0.000000
5.436000E-6	0.195423	6.237875E-8	0.000000	0.000000	0.000000	5.456000E-6	0.036280	6.779238E-8	0.000000	0.000000	0.000000
5.416000E-6	0.395634	6.355261E-8	0.000000	0.000000	0.000000	5.440000E-6	0.054551	6.700450E-8	0.000000	0.000000	0.000000
5.432000E-6	0.235815	6.259853E-8	0.000000	0.000000	0.000000	5.456000E-6	0.020437	6.102694E-8	0.000000	0.000000	0.000000
5.420000E-6	0.345990	6.579133E-8	0.000000	0.000000	0.000000	5.440000E-6	0.048945	6.739026E-8	0.000000	0.000000	0.000000
5.424000E-6	0.271695	6.196392E-8	0.000000	0.000000	0.000000	5.440000E-6	0.046827	6.539206E-8	0.000000	0.000000	0.000000
5.416000E-6	0.289692	6.680148E-8	0.000000	0.000000	0.000000	5.440000E-6	0.040464	6.959042E-8	0.000000	0.000000	0.000000
5.432000E-6	0.230843	6.757608E-8	0.000000	0.000000	0.000000	2.298800E-5	0.012166	6.087912E-8	0.000000	0.000000	0.000000
5.428000E-6	0.300042	6.661730E-8	0.000000	0.000000	0.000000	5.448000E-6	0.034970	6.475826E-8	0.000000	0.000000	0.000000
5.416000E-6	0.290504	6.697930E-8	0.000000	0.000000	0.000000	5.460000E-6	0.015888	6.181200E-8	0.000000	0.000000	0.000000
5.420000E-6	0.311673	6.348356E-8	0.000000	0.000000	0.000000	5.456000E-6	0.014528	5.944655E-8	0.000000	0.000000	0.000000
5.408000E-6	0.431989	6.844432E-8	0.000000	0.000000	0.000000	5.420000E-6	0.065321	6.507746E-8	0.000000	0.000000	0.000000
5.416000E-6	0.346885	6.549421E-8	0.000000	0.000000	0.000000	5.440000E-6	0.038505	6.839100E-8	0.000000	0.000000	0.000000
5.416000E-6	0.389712	6.383883E-8	0.000000	0.000000	0.000000	5.440000E-6	0.044747	6.531300E-8	0.000000	0.000000	0.000000
5.416000E-6	0.351560	6.592893E-8	0.000000	0.000000	0.000000	5.436000E-6	0.059926	6.778198E-8	0.000000	0.000000	0.000000
5.412000E-6	0.405489	6.316794E-8	0.000000	0.000000	0.000000	5.444000E-6	0.017252	6.875978E-8	0.000000	0.000000	0.000000
5.416000E-6	0.373149	7.078126E-8	0.000000	0.000000	0.000000	5.436000E-6	0.046467	6.332794E-8	0.000000	0.000000	0.000000
5.420000E-6	0.293623	6.430768E-8	0.000000	0.000000	0.000000	5.448000E-6	0.034158	7.133585E-8	0.000000	0.000000	0.000000
5.416000E-6	0.350531	6.483851E-8	0.000000	0.000000	0.000000	5.436000E-6	0.049526	7.063317E-8	0.000000	0.000000	0.000000
5.416000E-6	0.375193	6.493444E-8	0.000000	0.000000	0.000000	5.448000E-6	0.023898	7.552786E-8	0.000000	0.000000	0.000000
5.416000E-6	0.375536	6.657656E-8	0.000000	0.000000	0.000000	5.440000E-6	0.019303	6.467944E-8	0.000000	0.000000	0.000000
5.424000E-6	0.266111	6.738310E-8	0.000000	0.000000	0.000000	5.448000E-6	0.024207	6.998291E-8	0.000000	0.000000	0.000000
5.400000E-6	0.467959	7.069168E-8	0.000000	0.000000	0.000000	5.424000E-6	0.027818	5.986050E-8	0.000000	0.000000	0.000000
5.432000E-6	0.220158	6.727844E-8	0.000000	0.000000	0.000000	5.452000E-6	0.032846	6.600879E-8	0.000000	0.000000	0.000000
5.412000E-6	0.455394	6.570060E-8	0.000000	0.000000	0.000000	5.432000E-6	0.060758	6.601740E-8	0.000000	0.000000	0.000000
5.420000E-6	0.321131	6.666407E-8	0.000000	0.000000	0.000000	5.436000E-6	0.086191	7.084951E-8	0.000000	0.000000	0.000000
5.416000E-6	0.367372	6.948244E-8	0.000000	0.000000	0.000000	5.436000E-6	0.040023	6.159023E-8	0.000000	0.000000	0.000000
5.428000E-6	0.254534	6.653716E-8	0.000000	0.000000	0.000000	5.452000E-6	0.041235	6.727159E-8	0.000000	0.000000	0.000000
5.420000E-6	0.327322	6.308806E-8	0.000000	0.000000	0.000000	5.448000E-6	0.027831	7.133046E-8	0.000000	0.000000	0.000000
5.420000E-6	0.348332	6.291540E-8	0.000000	0.000000	0.000000	5.440000E-6	0.049233	6.962034E-8	0.000000	0.000000	0.000000
5.432000E-6	0.232972	6.714598E-8	0.000000	0.000000	0.000000	5.456000E-6	0.022200	6.721793E-8	0.000000	0.000000	0.000000
5.420000E-6	0.341987	7.174135E-8	0.000000	0.000000	0.000000	5.456000E-6	0.018410	5.920210E-8	0.000000	0.000000	0.000000
5.412000E-6	0.424534	6.687425E-8	0.000000	0.000000	0.000000	5.436000E-6	0.040550	7.487228E-8	0.000000	0.000000	0.000000
5.428000E-6	0.269977	6.638645E-8	0.000000	0.000000	0.000000	5.448000E-6	0.033957	7.345921E-8	0.000000	0.000000	0.000000
5.428000E-6	0.266576	6.843190E-8	0.000000	0.000000	0.000000	5.444000E-6	0.033729	7.567074E-8	0.000000	0.000000	0.000000
5.400000E-6	0.366638	7.455311E-8	0.000000	0.000000	0.000000	5.432000E-6	0.034966	6.160592E-8	0.000000	0.000000	0.000000
5.420000E-6	0.307767	7.087447E-8	0.000000	0.000000	0.000000	5.440000E-6	0.046736	6.496017E-8	0.000000	0.000000	0.000000
5.416000E-6	0.355847	6.869753E-8	0.000000	0.000000	0.000000	5.440000E-6	0.044554	7.663910E-8	0.000000	0.000000	0.000000
5.412000E-6	0.365849	7.526554E-8	0.000000	0.000000	0.000000	5.452000E-6	0.011955	6.174132E-8	0.000000	0.000000	0.000000
5.404000E-6	0.390918	7.506811E-8	0.000000	0.000000	0.000000	5.448000E-6	0.015145	5.651271E-8	0.000000	0.000000	0.000000
5.408000E-6	0.385627	6.642839E-8	0.000000	0.000000	0.000000	5.440000E-6	0.020560	6.541499E-8	0.000000	0.000000	0.000000
5.416000E-6	0.337880	6.585411E-8	0.000000	0.000000	0.000000	5.448000E-6	0.013568	6.371798E-8	0.000000	0.000000	0.000000
5.412000E-6	0.282187	6.985245E-8	0.000000	0.000000	0.000000	5.444000E-6	0.050853	6.883133E-8	0.000000	0.000000	0.000000
5.428000E-6	0.252829	6.558393E-8	0.000000	0.000000	0.000000	5.448000E-6	0.038511	7.062415E-8	0.000000	0.000000	0.000000
5.416000E-6	0.401333	6.338054E-8	0.000000	0.000000	0.000000	5.452000E-6	0.016366	7.085390E-8	0.000000	0.000000	0.000000
5.412000E-6	0.398181	6.586851E-8	0.000000	0.000000	0.000000	5.456000E-6	0.009067	6.609850E-8	0.000000	0.000000	0.000000
5.424000E-6	0.282818	6.444230E-8	0.000000	0.000000	0.000000	2.992800E-5	0.028286	6.941829E-8	0.000000	0.000000	0.000000
5.424000E-6	0.352005	6.342277E-8	0.000000	0.000000	0.000000	5.444000E-6	0.027463	6.423758E-8	0.000000	0.000000	0.000000
5.412000E-6	0.397519	6.492960E-8	0.000000	0.000000	0.000000	5.440000E-6	0.022449	6.940124E-8	0.000000	0.000000	0.000000
5.416000E-6	0.330115	6.930920E-8	0.000000	0.000000	0.000000	5.452000E-6	0.016655	7.037034E-8	0.000000	0.000000	0.000000
5.404000E-6	0.487901	6.605663E-8	0.000000	0.000000	0.000000	5.444000E-6	0.016046	6.680656E-8	0.000000	0.000000	0.000000
5.412000E-6	0.369519	7.607154E-8	0.000000	0.000000	0.000000	5.436000E-6	0.031118	7.267806E-8	0.000000	0.000000	0.000000
5.412000E-6	0.344070	6.891639E-8	0.000000	0.000000	0.000000	5.440000E-6	0.014622	5.976604E-8	0.000000	0.000000	0.000000
5.424000E-6	0.253547	6.750892E-8	0.000000	0.000000	0.000000	5.444000E-6	0.052985	6.469437E-8	0.000000	0.000000	0.000000
5.424000E-6	0.280121	6.779889E-8	0.000000	0.000000	0.000000	7.200000E-6	0.015334	6.579632E-8	0.000000	0.000000	0.000000
5.416000E-6	0.316301	6.741921E-8	0.000000	0.000000	0.000000	5.444000E-6	0.021214	6.451594E-8	0.000000	0.000000	0.000000
5.408000E-6	0.417370	6.273687E-8	0.000000	0.000000	0.000000	5.432000E-6	0.029821	6.894350E-8	0.000000	0.000000	0.000000
5.400000E-6	0.495918	7.160797E-8	0.000000	0.000000	0.000000	5.428000E-6	0.032010	7.322117E-8	0.000000	0.000000	0.000000
5.408000E-6	0.387878	6.498569E-8	0.000000	0.000000	0.000000	5.432000E-6	0.040432	6.399587E-8	0.000000	0.000000	0.000000
5.428000E-6	0.282193	6.018947E-8	0.000000	0.000000	0.000000	5.448000E-6	0.024416	6.996769E-8	0.000000	0.000000	0.000000
5.420000E-6	0.320523	7.110635E-8	0.000000	0.000000	0.000000	5.440000E-6	0.065806	7.214554E-8	0.000000	0.000000	0.000000
5.416000E-6	0.349535	6.872900E-8	0.000000	0.000000	0.000000	5.436000E-6	0.029446	6.331984E-8	0.000000	0.000000	0.000000
5.416000E-6	0.330009	6.418404E-8	0.000000	0.000000	0.000000	5.436000E-6	0.053837	7.587946E-8	0.000000	0.000000	0.000000
5.420000E-6	0.327565	6.331322E-8	0.000000	0.000000	0.000000	5.448000E-6	0.022277	6.592393E-8	0.000000	0.000000	0.000000
5.416000E-6	0.326243	6.452140E-8	0.000000	0.000000	0.000000	5.444000E-6	0.026085	5.632549E-8	0.000000	0.000000	0.000000
5.420000E-6	0.333715	6.582071E-8	0.000000	0.000000	0.000000	5.444000E-6	0.031715	6.198684E-8	0.000000	0.000000	0.000000
5.428000E-6	0.272554	6.617748E-8	0.000000	0.000000	0.000000	5.452000E-6	0.021315	5.866187E-8	0.000000	0.000000	0.000000
5.420000E-6	0.323363	6.873447E-8	0.000000	0.000000	0.000000	5.440000E-6	0.026430	6.835834E-8	0.000000	0.000000	0.000000
5.416000E-6	0.430860	6.348372E-8	0.000000	0.000000	0.000000	5.440000E-6	0.020031	7.925815E-8	0.000000	0.000000	0.000000
5.428000E-6	0.264690	6.518388E-8	0.000000	0.000000	0.000000	5.448000E-6	0.025100	7.031230E-8	0.000000	0.000000	0.000000
5.420000E-6	0.322580	6.997617E-8	0.000000	0.000000	0.000000	5.440000E-6	0.045166	6.083943E-8	0.000000	0.000000	0.000000
5.428000E-6	0.253241	7.175845E-8	0.000000	0.000000	0.000000	5.448000E-6	0.036900	6.488877E-8	0.000000	0.000000	0.000000
5.428000E-6	0.282654	6.069859E-8	0.000000	0.000000	0.000000	5.448000E-6	0.046670	6.989475E-8	0.000000	0.000000	0.000000
5.416000E-6	0.359247	6.196957E-8	0.000000	0.000000	0.000000	5.436000E-6	0.028954	5.935712E-8	0.000000	0.000000	0.000000
5.420000E-6	0.283913	6.454224E-8	0.000000	0.000000	0.000000	5.448000E-6	0.020185	6.163054E-8	0.000000	0.000000	0.000000
5.436000E-6	0.219317	7.301057E-8	0.000000	0.000000	0.000000	5.456000E-6	0.031199	6.819285E-8	0.000000	0.000000	0.000000
5.420000E-6	0.290395	6.374028E-8	0.000000	0.000000	0.000000	5.444000E-6	0.028992	7.334316E-8	0.000000	0.000000	0.000000
5.420000E-6	0.323803	6.296892E-8	0.000000	0.000000	0.000000	5.448000E-6	0.025421	7.411124E-8	0.000000	0.000000	0.000000
5.412000E-6	0.424674	6.433714E-8	0.000000	0.000000	0.000000	5.436000E-6	0.036471	6.641238E-8	0.000000	0.000000	0.000000
5.420000E-6	0.317692	6.873050E-8	0.000000	0.000000	0.000000	5.452000E-6	0.016693	6.362475E-8	0.000000	0.000000	0.000000
5.432000E-6	0.247556	7.498854E-8	0.000000	0.000000	0.000000	5.448000E-6	0.066204	6.590858E-8	0.000000	0.000000	0.000000
5.428000E-6	0.277514	6.507899E-8	0.000000	0.000000	0.000000	5.452000E-6	0.027405	7.562269E-8	0.000000	0.000000	0.000000
5.420000E-6	0.362110	6.905353E-8	0.000000	0.000000	0.000000	5.444000E-6	0.037265	6.571348E-8	0.000000	0.000000	0.000000
5.436000E-6	0.241716	6.417242E-8	0.000000	0.000000	0.000000	5.452000E-6	0.035679	6.282923E-8	0.000000	0.000000	0.000000
5.420000E-6	0.361164	6.802236E-8	0.000000	0.000000	0.000000	5.444000E-6	0.035575	6.112880E-8	0.000000	0.000000	0.000000
5.424000E-6	0.295589	6.267130E-8	0.000000	0.000000	0.000000	5.452000E-6	0.015292	6.345249E-8	0.000000	0.000000	0.000000
5.428000E-6	0.238931	6.601317E-8	0.000000	0.000000	0.000000	5.444000E-6	0.066801	6.550630E-8	0.000000	0.000000	0.000000
5.408000E-6	0.406904	6.622168E-8	0.000000	0.000000	0.000000	5.428000E-6	0.041827	6.602432E-8	0.000000	0.000000	0.000000
5.424000E-6	0.307125	6.880859E-8	0.000000	0.000000	0.000000	5.452000E-6	0.015526	5.740502E-8	0.000000	0.000000	0.000000
5.416000E-6	0.329870	6.897655E-8	0.000000	0.000000	0.000000	5.444000E-6	0.021519	5.989478E-8	0.000000	0.000000	0.000000
5.416000E-6	0.373463	6.759357E-8	0.000000	0.000000	0.000000	5.452000E-6	0.005297	5.117765E-8	0.000000	0.000000	0.000000
5.420000E-6	0.353354	6.137463E-8	0.000000	0.000000	0.000000	5.444000E-6	0.045777	7.182544E-8	0.000000	0.000000	0.000000
5.428000E-6	0.262651	6.879839E-8	0.000000	0.000000	0.000000	5.452000E-6	0.032035	6.874533E-8	0.000000	0.000000	0.000000
5.416000E-6	0.350089	6.899835E-8	0.000000	0.000000	0.000000	5.440000E-6	0.035020	7.328611E-8	0.000000	0.000000	0.000000
5.424000E-6	0.286355	6.438578E-8	0.000000	0.000000	0.000000	5.452000E-6	0.011739	5.813709E-8	0.000000	0.000000	0.000000
5.420000E-6	0.327548	6.363551E-8	0.000000	0.000000	0.000000	5.440000E-6	0.057367	6.396421E-8	0.000000	0.000000	0.000000
5.420000E-6	0.324797	6.812774E-8	0.000000	0.000000	0.000000	5.440000E-6	0.040614	6.865293E-8	0.000000	0.000000	0.000000
5.420000E-6	0.299743	6.761108E-8	0.000000	0.000000	0.000000	5.448000E-6	0.023767	7.133548E-8	0.000000	0.000000	0.000000
5.416000E-6	0.375156	6.469008E-8	0.000000	0.000000	0.000000	5.444000E-6	0.026713	6.319963E-8	0.000000	0.000000	0.000000
5.432000E-6	0.218411	6.181695E-8	0.000000	0.000000	0.000000	5.460000E-6	0.008078	1.495329E-7	0.000000	0.000000	0.000000
5.436000E-6	0.187054	6.173394E-8	0.000000	0.000000	0.000000	5.460000E-6	0.020749	6.523656E-8	0.000000	0.000000	0.000000
5.420000E-6	0.330192	6.574825E-8	0.000000	0.000000	0.000000	5.440000E-6	0.024790	7.037516E-8	0.000000	0.000000	0.000000
5.436000E-6	0.223244	6.747770E-8	0.000000	0.000000	0.000000	5.452000E-6	0.036880	6.024623E-8	0.000000	0.000000	0.000000
5.420000E-6	0.301780	7.282739E-8	0.000000	0.000000	0.000000	5.444000E-6	0.028175	7.607008E-8	0.000000	0.000000	0.000000
5.424000E-6	0.299927	7.000295E-8	0.000000	0.000000	0.000000	5.448000E-6	0.023338	7.870063E-8	0.000000	0.000000	0.000000
5.420000E-6	0.302388	6.522793E-8	0.000000	0.000000	0.000000	5.448000E-6	0.035797	6.884140E-8	0.000000	0.000000	0.000000
5.416000E-6	0.337658	6.508978E-8	0.000000	0.000000	0.000000	5.452000E-6	0.011651	6.193834E-8	0.000000	0.000000	0.000000
5.432000E-6	0.235600	6.233873E-8	0.000000	0.000000	0.000000	5.464000E-6	0.014208	6.378904E-8	0.000000	0.000000	0.000000
5.428000E-6	0.288115	6.403650E-8	0.000000	0.000000	0.000000	5.452000E-6	0.016716	5.941127E-8	0.000000	0.000000	0.000000
5.432000E-6	0.244692	7.947636E-8	0.000000	0.000000	0.000000	5.448000E-6	0.050065	6.290516E-8	0.000000	0.000000	0.000000
5.428000E-6	0.292094	7.059670E-8	0.000000	0.000000	0.000000	5.448000E-6	0.033753	6.501731E-8	0.000000	0.000000	0.000000
5.412000E-6	0.329974	6.570618E-8	0.000000	0.000000	0.000000	5.448000E-6	0.018347	6.077527E-8	0.000000	0.000000	0.000000
5.420000E-6	0.384692	6.264002E-8	0.000000	0.000000	0.000000	5.452000E-6	0.014240	6.607399E-8	0.000000	0.000000	0.000000
5.404000E-6	0.467166	6.766093E-8	0.000000	0.000000	0.000000	5.428000E-6	0.043819	6.482971E-8	0.000000	0.000000	0.000000
5.424000E-6	0.299108	6.074860E-8	0.000000	0.000000	0.000000	5.444000E-6	0.041823	6.765386E-8	0.000000	0.000000	0.000000
5.404000E-6	0.441943	6.699717E-8	0.000000	0.000000	0.000000	5.428000E-6	0.021981	6.410209E-8	0.000000	0.000000	0.000000
5.416000E-6	0.383201	6.299284E-8	0.000000	0.000000	0.000000	5.436000E-6	0.045331	6.874027E-8	0.000000	0.000000	0.000000
5.428000E-6	0.276650	6.241615E-8	0.000000	0.000000	0.000000	5.448000E-6	0.038549	6.961629E-8	0.000000	0.000000	0.000000
5.424000E-6	0.308568	7.059716E-8	0.000000	0.000000	0.000000	5.452000E-6	0.018597	7.146980E-8	0.000000	0.000000	0.000000
5.396000E-6	0.527623	7.319090E-8	0.000000	0.000000	0.000000	5.428000E-6	0.019162	7.263524E-8	0.000000	0.000000	0.000000
5.428000E-6	0.268918	6.422223E-8	0.000000	0.000000	0.000000	5.448000E-6	0.012329	7.018525E-8	0.000000	0.000000	0.000000
5.420000E-6	0.332748	6.467299E-8	0.000000	0.000000	0.000000	5.452000E-6	0.013057	5.988305E-8	0.000000	0.000000	0.000000
5.416000E-6	0.410181	6.126412E-8	0.000000	0.000000	0.000000	5.436000E-6	0.044395	6.492129E-8	0.000000	0.000000	0.000000
5.416000E-6	0.412671	6.308139E-8	0.000000	0.000000	0.000000	5.448000E-6	0.017395	6.887977E-8	0.000000	0.000000	0.000000
5.420000E-6	0.293301	6.470692E-8	0.000000	0.000000	0.000000	5.440000E-6	0.058410	6.534966E-8	0.000000	0.000000	0.000000
5.424000E-6	0.318301	7.559010E-8	0.000000	0.000000	0.000000	5.444000E-6	0.047277	6.548675E-8	0.000000	0.000000	0.000000
5.424000E-6	0.345557	6.536903E-8	0.000000	0.000000	0.000000	5.456000E-6	0.014148	6.264140E-8	0.000000	0.000000	0.000000
5.432000E-6	0.226338	7.506155E-8	0.000000	0.000000	0.000000	5.456000E-6	0.015909	5.614569E-8	0.000000	0.000000	0.000000
5.428000E-6	0.263480	6.143554E-8	0.000000	0.000000	0.000000	5.460000E-6	0.013868	6.965687E-8	0.000000	0.000000	0.000000
5.428000E-6	0.240221	6.199557E-8	0.000000	0.000000	0.000000	5.444000E-6	0.049354	7.059571E-8	0.000000	0.000000	0.000000
5.424000E-6	0.243952	6.230437E-8	0.000000	0.000000	0.000000	5.444000E-6	0.025025	6.339223E-8	0.000000	0.000000	0.000000
5.432000E-6	0.231256	6.319634E-8	0.000000	0.000000	0.000000	5.448000E-6	0.046423	6.789750E-8	0.000000	0.000000	0.000000
5.436000E-6	0.238251	6.784716E-8	0.000000	0.000000	0.000000	5.452000E-6	0.022672	6.214232E-8	0.000000	0.000000	0.000000
5.412000E-6	0.398830	6.657400E-8	0.000000	0.000000	0.000000	5.448000E-6	0.011968	6.589226E-8	0.000000	0.000000	0.000000
5.420000E-6	0.307788	6.575941E-8	0.000000	0.000000	0.000000	5.444000E-6	0.036820	7.124575E-8	0.000000	0.000000	0.000000
5.412000E-6	0.377719	6.645013E-8	0.000000	0.000000	0.000000	5.436000E-6	0.036179	6.560391E-8	0.000000	0.000000	0.000000
5.416000E-6	0.345732	6.360325E-8	0.000000	0.000000	0.000000	5.444000E-6	0.029230	7.581548E-8	0.000000	0.000000	0.000000
5.416000E-6	0.351921	6.065137E-8	0.000000	0.000000	0.000000	5.456000E-6	0.015399	6.332069E-8	0.000000	0.000000	0.000000
5.420000E-6	0.334748	6.598644E-8	0.000000	0.000000	0.000000	5.436000E-6	0.042932	6.804812E-8	0.000000	0.000000	0.000000
5.428000E-6	0.302422	7.172081E-8	0.000000	0.000000	0.000000	5.456000E-6	0.017558	6.629600E-8	0.000000	0.000000	0.000000
5.420000E-6	0.348550	6.164651E-8	0.000000	0.000000	0.000000	5.440000E-6	0.037417	6.831138E-8	0.000000	0.000000	0.000000
5.424000E-6	0.248007	6.899798E-8	0.000000	0.000000	0.000000	5.444000E-6	0.033382	7.306170E-8	0.000000	0.000000	0.000000
5.436000E-6	0.216239	6.618815E-8	0.000000	0.000000	0.000000	5.468000E-6	0.015596	6.067227E-8	0.000000	0.000000	0.000000
5.416000E-6	0.367908	6.448323E-8	0.000000	0.000000	0.000000	5.444000E-6	0.016079	5.686493E-8	0.000000	0.000000	0.000000
5.416000E-6	0.368587	7.120632E-8	0.000000	0.000000	0.000000	5.440000E-6	0.026249	6.175876E-8	0.000000	0.000000	0.000000
5.408000E-6	0.451653	6.599496E-8	0.000000	0.000000	0.000000	5.432000E-6	0.060907	6.739960E-8	0.000000	0.000000	0.000000
5.420000E-6	0.333796	6.350080E-8	0.000000	0.000000	0.000000	5.444000E-6	0.041785	6.682026E-8	0.000000	0.000000	0.000000
5.416000E-6	0.367004	6.228464E-8	0.000000	0.000000	0.000000	5.440000E-6	0.039866	7.229878E-8	0.000000	0.000000	0.000000
5.428000E-6	0.235422	6.297988E-8	0.000000	0.000000	0.000000	5.452000E-6	0.023163	6.648303E-8	0.000000	0.000000	0.000000
5.424000E-6	0.250443	6.591925E-8	0.000000	0.000000	0.000000	5.448000E-6	0.021291	6.437722E-8	0.000000	0.000000	0.000000
5.412000E-6	0.318920	6.943232E-8	0.000000	0.000000	0.000000	1.955200E-5	0.013421	5.449992E-8	0.000000	0.000000	0.000000
5.420000E-6	0.338960	6.600759E-8	0.000000	0.000000	0.000000	5.440000E-6	0.050395	6.627604E-8	0.000000	0.000000	0.000000
5.420000E-6	0.304076	6.588696E-8	0.000000	0.000000	0.000000	4.116000E-5	0.023558	6.446141E-8	0.000000	0.000000	0.000000
5.424000E-6	0.284445	6.387510E-8	0.000000	0.000000	0.000000	5.448000E-6	0.021841	6.187887E-8	0.000000	0.000000	0.000000
5.412000E-6	0.419919	6.572882E-8	0.000000	0.000000	0.000000	5.448000E-6	0.003974	1.539257E-7	0.000000	0.000000	0.000000
5.424000E-6	0.282813	6.645587E-8	0.000000	0.000000	0.000000	5.456000E-6	0.019428	6.428026E-8	0.000000	0.000000	0.000000
5.412000E-6	0.384071	7.120422E-8	0.000000	0.000000	0.000000	5.436000E-6	0.052765	6.822668E-8	0.000000	0.000000	0.000000
5.420000E-6	0.331871	7.114653E-8	0.000000	0.000000	0.000000	5.452000E-6	0.022285	7.041953E-8	0.000000	0.000000	0.000000
5.428000E-6	0.268372	6.739296E-8	0.000000	0.000000	0.000000	5.456000E-6	0.017148	5.681039E-8	0.000000	0.000000	0.000000
5.432000E-6	0.242651	6.237882E-8	0.000000	0.000000	0.000000	5.452000E-6	0.021383	6.682510E-8	0.000000	0.000000	0.000000
5.424000E-6	0.269595	6.973302E-8	0.000000	0.000000	0.000000	3.128000E-5	0.021222	7.243875E-8	0.000000	0.000000	0.000000
5.428000E-6	0.240700	6.305285E-8	0.000000	0.000000	0.000000	5.448000E-6	0.023373	6.013484E-8	0.000000	0.000000	0.000000
5.416000E-6	0.381587	6.347548E-8	0.000000	0.000000	0.000000	5.444000E-6	0.018434	6.425441E-8	0.000000	0.000000	0.000000
5.416000E-6	0.343593	6.574456E-8	0.000000	0.000000	0.000000	5.440000E-6	0.020998	6.188629E-8	0.000000	0.000000	0.000000
5.412000E-6	0.375832	6.344506E-8	0.000000	0.000000	0.000000	5.444000E-6	0.018179	6.169426E-8	0.000000	0.000000	0.000000
5.412000E-6	0.405066	6.660772E-8	0.000000	0.000000	0.000000	5.436000E-6	0.047463	6.893141E-8	0.000000	0.000000	0.000000
5.436000E-6	0.205938	6.471354E-8	0.000000	0.000000	0.000000	5.460000E-6	0.018170	6.684374E-8	0.000000	0.000000	0.000000
5.424000E-6	0.287467	6.088682E-8	0.000000	0.000000	0.000000	5.440000E-6	0.031601	7.756403E-8	0.000000	0.000000	0.000000
5.408000E-6	0.434603	6.565871E-8	0.000000	0.000000	0.000000	5.436000E-6	0.030334	6.143840E-8	0.000000	0.000000	0.000000
5.408000E-6	0.436102	6.743536E-8	0.000000	0.000000	0.000000	5.432000E-6	0.040216	6.613272E-8	0.000000	0.000000	0.000000
5.420000E-6	0.339201	6.162641E-8	0.000000	0.000000	0.000000	5.444000E-6	0.037614	7.166774E-8	0.000000	0.000000	0.000000
5.416000E-6	0.355468	6.808018E-8	0.000000	0.000000	0.000000	5.436000E-6	0.051731	7.098572E-8	0.000000	0.000000	0.000000
5.428000E-6	0.282193	6.179824E-8	0.000000	0.000000	0.000000	5.444000E-6	0.046265	6.596193E-8	0.000000	0.000000	0.000000
5.416000E-6	0.402308	7.417920E-8	0.000000	0.000000	0.000000	5.432000E-6	0.063259	6.616372E-8	0.000000	0.000000	0.000000
5.424000E-6	0.294049	6.662911E-8	0.000000	0.000000	0.000000	5.440000E-6	0.046265	6.294634E-8	0.000000	0.000000	0.000000
5.420000E-6	0.281432	6.598441E-8	0.000000	0.000000	0.000000	3.428000E-5	0.016611	5.832994E-8	0.000000	0.000000	0.000000
5.412000E-6	0.296845	6.896343E-8	0.000000	0.000000	0.000000	5.436000E-6	0.028642	6.355302E-8	0.000000	0.000000	0.000000
5.416000E-6	0.356374	7.350421E-8	0.000000	0.000000	0.000000	5.444000E-6	0.019545	6.091782E-8	0.000000	0.000000	0.000000
5.416000E-6	0.279132	6.611005E-8	0.000000	0.000000	0.000000	5.444000E-6	0.019270	6.065977E-8	0.000000	0.000000	0.000000
5.420000E-6	0.308922	6.475327E-8	0.000000	0.000000	0.000000	5.440000E-6	0.051416	7.067172E-8	0.000000	0.000000	0.000000
5.412000E-6	0.415195	6.785937E-8	0.000000	0.000000	0.000000	5.432000E-6	0.048895	6.881484E-8	0.000000	0.000000	0.000000
5.420000E-6	0.327989	6.998786E-8	0.000000	0.000000	0.000000	5.448000E-6	0.027552	6.771786E-8	0.000000	0.000000	0.000000
5.408000E-6	0.459937	6.985527E-8	0.000000	0.000000	0.000000	5.432000E-6	0.030333	6.560138E-8	0.000000	0.000000	0.000000
5.428000E-6	0.246768	6.404841E-8	0.000000	0.000000	0.000000	5.444000E-6	0.076517	6.572160E-8	0.000000	0.000000	0.000000
5.428000E-6	0.240753	6.211217E-8	0.000000	0.000000	0.000000	5.452000E-6	0.024119	7.356105E-8	0.000000	0.000000	0.000000
5.408000E-6	0.473019	6.643159E-8	0.000000	0.000000	0.000000	5.436000E-6	0.025107	6.434191E-8	0.000000	0.000000	0.000000
5.408000E-6	0.419776	7.602188E-8	0.000000	0.000000	0.000000	4.105600E-5	0.021236	6.845301E-8	0.000000	0.000000	0.000000
5.440000E-6	0.222591	6.347009E-8	0.000000	0.000000	0.000000	5.464000E-6	0.014920	6.161277E-8	0.000000	0.000000	0.000000
5.428000E-6	0.257273	6.534448E-8	0.000000	0.000000	0.000000	5.452000E-6	0.019435	7.322091E-8	0.000000	0.000000	0.000000
5.416000E-6	0.377047	6.006032E-8	0.000000	0.000000	0.000000	5.436000E-6	0.040365	6.947214E-8	0.000000	0.000000	0.000000
5.424000E-6	0.257023	6.611204E-8	0.000000	0.000000	0.000000	5.444000E-6	0.043646	6.365492E-8	0.000000	0.000000	0.000000
5.416000E-6	0.315168	7.026326E-8	0.000000	0.000000	0.000000	5.444000E-6	0.020597	6.817031E-8	0.000000	0.000000	0.000000
5.440000E-6	0.190634	6.063263E-8	0.000000	0.000000	0.000000	5.468000E-6	0.001483	9.151903E-8	0.000000	0.000000	0.000000
5.424000E-6	0.302317	6.723050E-8	0.000000	0.000000	0.000000	5.444000E-6	0.053604	6.671868E-8	0.000000	0.000000	0.000000
5.432000E-6	0.262714	7.059827E-8	0.000000	0.000000	0.000000	5.452000E-6	0.043129	7.122188E-8	0.000000	0.000000	0.000000
5.412000E-6	0.369712	6.771135E-8	0.000000	0.000000	0.000000	5.440000E-6	0.039221	6.926220E-8	0.000000	0.000000	0.000000
5.424000E-6	0.270203	6.535654E-8	0.000000	0.000000	0.000000	5.444000E-6	0.037007	6.927294E-8	0.000000	0.000000	0.000000
5.416000E-6	0.351659	7.142109E-8	0.000000	0.000000	0.000000	5.436000E-6	0.041286	7.177167E-8	0.000000	0.000000	0.000000
5.420000E-6	0.349214	6.378820E-8	0.000000	0.000000	0.000000	5.444000E-6	0.034415	6.925180E-8	0.000000	0.000000	0.000000
5.404000E-6	0.392372	6.711964E-8	0.000000	0.000000	0.000000	5.440000E-6	0.024575	6.261025E-8	0.000000	0.000000	0.000000
5.408000E-6	0.437831	6.662798E-8	0.000000	0.000000	0.000000	5.440000E-6	0.020310	6.416496E-8	0.000000	0.000000	0.000000
5.428000E-6	0.259861	6.259304E-8	0.000000	0.000000	0.000000	5.444000E-6	0.063405	6.672102E-8	0.000000	0.000000	0.000000
5.420000E-6	0.328545	6.085510E-8	0.000000	0.000000	0.000000	5.440000E-6	0.033833	6.318968E-8	0.000000	0.000000	0.000000
5.436000E-6	0.231680	6.457487E-8	0.000000	0.000000	0.000000	5.452000E-6	0.052900	6.704467E-8	0.000000	0.000000	0.000000
5.408000E-6	0.441085	6.849115E-8	0.000000	0.000000	0.000000	5.444000E-6	0.014074	6.030645E-8	0.000000	0.000000	0.000000
5.420000E-6	0.320330	7.132271E-8	0.000000	0.000000	0.000000	5.444000E-6	0.041885	7.077158E-8	0.000000	0.000000	0.000000
5.416000E-6	0.372175	6.627667E-8	0.000000	0.000000	0.000000	5.464000E-6	0.014374	5.675942E-8	0.000000	0.000000	0.000000
5.420000E-6	0.370091	6.181151E-8	0.000000	0.000000	0.000000	5.440000E-6	0.036144	6.449816E-8	0.000000	0.000000	0.000000
5.416000E-6	0.371532	6.514420E-8	0.000000	0.000000	0.000000	5.440000E-6	0.046110	6.402598E-8	0.000000	0.000000	0.000000
5.424000E-6	0.281256	6.458401E-8	0.000000	0.000000	0.000000	5.444000E-6	0.053519	6.964838E-8	0.000000	0.000000	0.000000
