Trigger Count=4213	Output Count=156	Elapsed Time=04:21.443	Number of Pulses CH0=1	Number of Pulses CH1=1
rate (Hz)=2.50E+8	Min record length=11364	Trigger level (V)=0.3500	Channel 0 threshold (V)=0.0425	Channel 1 threshold (V)=0.0200	Range (microseconds)=40.0000	Pulse 2 delay (microseconds)=0.0000	Lower cut-off frequency (Hz)=1.00E+6
                             	                             
Ch0_time1 (s)	Ch0_amp1 (V)	Ch0_width1 (s)	Ch0_time2 (s)	Ch0_amp2 (V)	Ch0_width2 (s)	Ch1_time1 (s)	Ch1_amp1 (V)	Ch1_width1 (s)	Ch1_time2 (s)	Ch1_amp2 (V)	Ch1_width2 (s)
5.432000E-6	0.250791	6.290018E-8	0.000000	0.000000	0.000000	5.452000E-6	0.039557	6.954190E-8	0.000000	0.000000	0.000000
5.408000E-6	0.400561	7.856473E-8	0.000000	0.000000	0.000000	5.448000E-6	0.018467	5.991297E-8	0.000000	0.000000	0.000000
5.408000E-6	0.453182	6.721425E-8	0.000000	0.000000	0.000000	5.440000E-6	0.019964	6.475104E-8	0.000000	0.000000	0.000000
5.424000E-6	0.307311	6.342771E-8	0.000000	0.000000	0.000000	5.448000E-6	0.021535	6.683700E-8	0.000000	0.000000	0.000000
5.424000E-6	0.309601	6.608174E-8	0.000000	0.000000	0.000000	5.448000E-6	0.042928	6.523458E-8	0.000000	0.000000	0.000000
5.408000E-6	0.433331	6.625021E-8	0.000000	0.000000	0.000000	5.432000E-6	0.022009	6.978983E-8	0.000000	0.000000	0.000000
5.408000E-6	0.387803	6.522928E-8	0.000000	0.000000	0.000000	5.440000E-6	0.013766	5.535395E-8	0.000000	0.000000	0.000000
5.412000E-6	0.413672	6.534002E-8	0.000000	0.000000	0.000000	5.436000E-6	0.042115	7.452098E-8	0.000000	0.000000	0.000000
5.444000E-6	0.216739	7.462120E-8	0.000000	0.000000	0.000000	5.476000E-6	0.018174	5.919332E-8	0.000000	0.000000	0.000000
5.440000E-6	0.185440	6.331395E-8	0.000000	0.000000	0.000000	5.468000E-6	0.013773	5.637254E-8	0.000000	0.000000	0.000000
5.424000E-6	0.286641	6.782781E-8	0.000000	0.000000	0.000000	5.464000E-6	0.016215	7.024771E-8	0.000000	0.000000	0.000000
5.416000E-6	0.320200	6.487934E-8	0.000000	0.000000	0.000000	5.448000E-6	0.014844	5.507129E-8	0.000000	0.000000	0.000000
5.416000E-6	0.346732	6.229206E-8	0.000000	0.000000	0.000000	5.448000E-6	0.013306	7.733631E-8	0.000000	0.000000	0.000000
5.424000E-6	0.306171	6.425491E-8	0.000000	0.000000	0.000000	5.452000E-6	0.026456	6.249033E-8	0.000000	0.000000	0.000000
5.428000E-6	0.285667	6.642092E-8	0.000000	0.000000	0.000000	5.468000E-6	0.012470	6.184632E-8	0.000000	0.000000	0.000000
5.428000E-6	0.264475	6.224787E-8	0.000000	0.000000	0.000000	5.452000E-6	0.022466	6.658562E-8	0.000000	0.000000	0.000000
5.420000E-6	0.334416	6.765887E-8	0.000000	0.000000	0.000000	5.436000E-6	0.042816	6.326679E-8	0.000000	0.000000	0.000000
5.404000E-6	0.471915	6.414308E-8	0.000000	0.000000	0.000000	5.436000E-6	0.026183	6.453527E-8	0.000000	0.000000	0.000000
5.416000E-6	0.365747	6.399508E-8	0.000000	0.000000	0.000000	5.440000E-6	0.060410	6.655260E-8	0.000000	0.000000	0.000000
5.420000E-6	0.352200	7.500491E-8	0.000000	0.000000	0.000000	5.440000E-6	0.051841	6.514720E-8	0.000000	0.000000	0.000000
5.420000E-6	0.283402	6.589028E-8	0.000000	0.000000	0.000000	5.456000E-6	0.014818	6.287592E-8	0.000000	0.000000	0.000000
5.416000E-6	0.400476	6.165633E-8	0.000000	0.000000	0.000000	5.436000E-6	0.046357	6.860109E-8	0.000000	0.000000	0.000000
5.424000E-6	0.281344	6.290273E-8	0.000000	0.000000	0.000000	5.448000E-6	0.028119	6.888146E-8	0.000000	0.000000	0.000000
5.412000E-6	0.381839	7.076050E-8	0.000000	0.000000	0.000000	5.440000E-6	0.015654	6.359638E-8	0.000000	0.000000	0.000000
5.412000E-6	0.393616	6.357902E-8	0.000000	0.000000	0.000000	5.448000E-6	0.016429	5.717661E-8	0.000000	0.000000	0.000000
5.432000E-6	0.255744	6.721890E-8	0.000000	0.000000	0.000000	5.452000E-6	0.040775	7.013398E-8	0.000000	0.000000	0.000000
5.424000E-6	0.318459	6.217660E-8	0.000000	0.000000	0.000000	5.448000E-6	0.033935	7.436927E-8	0.000000	0.000000	0.000000
5.416000E-6	0.311867	6.698483E-8	0.000000	0.000000	0.000000	5.444000E-6	0.024856	8.523092E-8	0.000000	0.000000	0.000000
5.432000E-6	0.242043	6.912578E-8	0.000000	0.000000	0.000000	5.448000E-6	0.049976	6.848560E-8	0.000000	0.000000	0.000000
5.412000E-6	0.366235	7.287754E-8	0.000000	0.000000	0.000000	5.440000E-6	0.024092	6.567222E-8	0.000000	0.000000	0.000000
5.424000E-6	0.304514	6.620029E-8	0.000000	0.000000	0.000000	5.444000E-6	0.035539	6.834403E-8	0.000000	0.000000	0.000000
5.416000E-6	0.344838	6.642088E-8	0.000000	0.000000	0.000000	5.444000E-6	0.021345	7.555958E-8	0.000000	0.000000	0.000000
5.404000E-6	0.485164	6.829864E-8	0.000000	0.000000	0.000000	5.432000E-6	0.018159	6.310435E-8	0.000000	0.000000	0.000000
5.428000E-6	0.254326	6.697861E-8	0.000000	0.000000	0.000000	5.448000E-6	0.022077	6.293052E-8	0.000000	0.000000	0.000000
5.420000E-6	0.332392	6.650520E-8	0.000000	0.000000	0.000000	5.440000E-6	0.035699	6.463665E-8	0.000000	0.000000	0.000000
5.424000E-6	0.287351	6.500943E-8	0.000000	0.000000	0.000000	5.464000E-6	0.016341	6.119164E-8	0.000000	0.000000	0.000000
5.432000E-6	0.231628	6.540097E-8	0.000000	0.000000	0.000000	5.452000E-6	0.039951	6.594151E-8	0.000000	0.000000	0.000000
5.404000E-6	0.426238	6.637206E-8	0.000000	0.000000	0.000000	5.432000E-6	0.031838	7.033563E-8	0.000000	0.000000	0.000000
5.424000E-6	0.297963	6.927496E-8	0.000000	0.000000	0.000000	5.452000E-6	0.032806	7.832680E-8	0.000000	0.000000	0.000000
5.436000E-6	0.204443	6.882681E-8	0.000000	0.000000	0.000000	5.452000E-6	0.028184	6.416180E-8	0.000000	0.000000	0.000000
5.412000E-6	0.367011	6.352548E-8	0.000000	0.000000	0.000000	5.444000E-6	0.017163	5.427023E-8	0.000000	0.000000	0.000000
5.408000E-6	0.431161	6.750426E-8	0.000000	0.000000	0.000000	5.432000E-6	0.035076	6.367672E-8	0.000000	0.000000	0.000000
5.404000E-6	0.466959	6.856083E-8	0.000000	0.000000	0.000000	5.436000E-6	0.035995	6.447272E-8	0.000000	0.000000	0.000000
5.416000E-6	0.340631	6.413666E-8	0.000000	0.000000	0.000000	5.456000E-6	0.014678	6.536279E-8	0.000000	0.000000	0.000000
5.424000E-6	0.289769	7.124115E-8	0.000000	0.000000	0.000000	5.444000E-6	0.043106	7.051935E-8	0.000000	0.000000	0.000000
5.424000E-6	0.320146	6.796098E-8	0.000000	0.000000	0.000000	5.444000E-6	0.041276	6.597547E-8	0.000000	0.000000	0.000000
5.436000E-6	0.233860	6.173623E-8	0.000000	0.000000	0.000000	5.456000E-6	0.027958	6.744431E-8	0.000000	0.000000	0.000000
5.416000E-6	0.382769	6.501238E-8	0.000000	0.000000	0.000000	5.440000E-6	0.042857	7.702494E-8	0.000000	0.000000	0.000000
5.420000E-6	0.303565	6.362017E-8	0.000000	0.000000	0.000000	5.444000E-6	0.020461	6.095806E-8	0.000000	0.000000	0.000000
5.420000E-6	0.323813	6.469033E-8	0.000000	0.000000	0.000000	5.440000E-6	0.042186	6.694271E-8	0.000000	0.000000	0.000000
5.424000E-6	0.267497	6.626447E-8	0.000000	0.000000	0.000000	5.448000E-6	0.034571	6.767818E-8	0.000000	0.000000	0.000000
5.412000E-6	0.412534	6.560852E-8	0.000000	0.000000	0.000000	5.444000E-6	0.020642	5.751898E-8	0.000000	0.000000	0.000000
5.416000E-6	0.313231	6.388153E-8	0.000000	0.000000	0.000000	5.440000E-6	0.036796	6.599903E-8	0.000000	0.000000	0.000000
5.388000E-6	0.590047	7.967987E-8	0.000000	0.000000	0.000000	5.416000E-6	0.027679	7.624641E-8	0.000000	0.000000	0.000000
5.412000E-6	0.382531	6.343815E-8	0.000000	0.000000	0.000000	5.440000E-6	0.016969	6.765061E-8	0.000000	0.000000	0.000000
5.412000E-6	0.344676	6.749271E-8	0.000000	0.000000	0.000000	5.436000E-6	0.051515	6.625967E-8	0.000000	0.000000	0.000000
5.424000E-6	0.292207	6.351570E-8	0.000000	0.000000	0.000000	5.448000E-6	0.030024	7.009198E-8	0.000000	0.000000	0.000000
5.424000E-6	0.296584	6.804366E-8	0.000000	0.000000	0.000000	5.448000E-6	0.041614	6.745164E-8	0.000000	0.000000	0.000000
5.428000E-6	0.261320	6.737071E-8	0.000000	0.000000	0.000000	5.452000E-6	0.047766	7.095194E-8	0.000000	0.000000	0.000000
5.424000E-6	0.285492	6.561649E-8	0.000000	0.000000	0.000000	5.448000E-6	0.037033	7.672158E-8	0.000000	0.000000	0.000000
5.420000E-6	0.330695	6.683212E-8	0.000000	0.000000	0.000000	5.448000E-6	0.016964	5.722545E-8	0.000000	0.000000	0.000000
5.412000E-6	0.342001	6.809412E-8	0.000000	0.000000	0.000000	5.436000E-6	0.043597	6.838850E-8	0.000000	0.000000	0.000000
5.424000E-6	0.271129	6.690085E-8	0.000000	0.000000	0.000000	5.452000E-6	0.024396	7.437968E-8	0.000000	0.000000	0.000000
5.420000E-6	0.281818	6.439673E-8	0.000000	0.000000	0.000000	5.448000E-6	0.030229	5.829792E-8	0.000000	0.000000	0.000000
5.420000E-6	0.307198	6.889996E-8	0.000000	0.000000	0.000000	5.452000E-6	0.017417	5.977212E-8	0.000000	0.000000	0.000000
5.408000E-6	0.440582	7.122317E-8	0.000000	0.000000	0.000000	5.432000E-6	0.035097	6.953507E-8	0.000000	0.000000	0.000000
5.420000E-6	0.363543	6.267681E-8	0.000000	0.000000	0.000000	5.440000E-6	0.040314	6.946196E-8	0.000000	0.000000	0.000000
5.424000E-6	0.311535	6.646889E-8	0.000000	0.000000	0.000000	5.456000E-6	0.019210	6.862245E-8	0.000000	0.000000	0.000000
5.424000E-6	0.331403	6.287502E-8	0.000000	0.000000	0.000000	5.444000E-6	0.039177	7.702720E-8	0.000000	0.000000	0.000000
5.428000E-6	0.240898	6.054315E-8	0.000000	0.000000	0.000000	5.448000E-6	0.037771	7.996594E-8	0.000000	0.000000	0.000000
5.432000E-6	0.231824	6.350850E-8	0.000000	0.000000	0.000000	5.452000E-6	0.025660	1.057290E-7	0.000000	0.000000	0.000000
5.424000E-6	0.313909	6.881001E-8	0.000000	0.000000	0.000000	5.456000E-6	0.016728	6.150589E-8	0.000000	0.000000	0.000000
5.412000E-6	0.442625	6.828461E-8	0.000000	0.000000	0.000000	5.448000E-6	0.012236	5.821925E-8	0.000000	0.000000	0.000000
5.420000E-6	0.341563	6.710372E-8	0.000000	0.000000	0.000000	5.468000E-6	0.015456	6.005975E-8	0.000000	0.000000	0.000000
5.436000E-6	0.213066	6.898454E-8	0.000000	0.000000	0.000000	5.472000E-6	0.012503	5.709950E-8	0.000000	0.000000	0.000000
5.424000E-6	0.290935	6.819218E-8	0.000000	0.000000	0.000000	5.452000E-6	0.015374	5.786406E-8	0.000000	0.000000	0.000000
5.420000E-6	0.329782	6.974683E-8	0.000000	0.000000	0.000000	5.444000E-6	0.055509	6.093929E-8	0.000000	0.000000	0.000000
5.436000E-6	0.199562	6.236665E-8	0.000000	0.000000	0.000000	5.460000E-6	0.016345	7.639897E-8	0.000000	0.000000	0.000000
5.420000E-6	0.277200	6.776283E-8	0.000000	0.000000	0.000000	5.448000E-6	0.031764	6.541556E-8	0.000000	0.000000	0.000000
5.424000E-6	0.259106	6.309477E-8	0.000000	0.000000	0.000000	5.444000E-6	0.041589	6.468499E-8	0.000000	0.000000	0.000000
5.424000E-6	0.332588	6.669537E-8	0.000000	0.000000	0.000000	5.448000E-6	0.034123	7.212780E-8	0.000000	0.000000	0.000000
5.424000E-6	0.260453	6.636892E-8	0.000000	0.000000	0.000000	5.452000E-6	0.014829	5.254264E-8	0.000000	0.000000	0.000000
5.424000E-6	0.265657	6.426432E-8	0.000000	0.000000	0.000000	5.444000E-6	0.028920	6.211292E-8	0.000000	0.000000	0.000000
5.420000E-6	0.321301	6.363034E-8	0.000000	0.000000	0.000000	5.440000E-6	0.040661	7.123291E-8	0.000000	0.000000	0.000000
5.408000E-6	0.464665	6.784557E-8	0.000000	0.000000	0.000000	5.436000E-6	0.025802	6.520919E-8	0.000000	0.000000	0.000000
5.420000E-6	0.345236	6.920049E-8	0.000000	0.000000	0.000000	5.456000E-6	0.013723	5.723008E-8	0.000000	0.000000	0.000000
5.420000E-6	0.349304	6.576451E-8	0.000000	0.000000	0.000000	5.440000E-6	0.042866	6.313467E-8	0.000000	0.000000	0.000000
5.416000E-6	0.360995	6.515219E-8	0.000000	0.000000	0.000000	5.440000E-6	0.032744	6.587342E-8	0.000000	0.000000	0.000000
5.408000E-6	0.416618	6.465011E-8	0.000000	0.000000	0.000000	5.432000E-6	0.039484	7.095957E-8	0.000000	0.000000	0.000000
5.416000E-6	0.409043	6.135593E-8	0.000000	0.000000	0.000000	5.448000E-6	0.017750	6.093988E-8	0.000000	0.000000	0.000000
5.416000E-6	0.379107	6.746580E-8	0.000000	0.000000	0.000000	5.440000E-6	0.035289	7.109093E-8	0.000000	0.000000	0.000000
5.416000E-6	0.344297	6.365507E-8	0.000000	0.000000	0.000000	5.444000E-6	0.026498	7.000234E-8	0.000000	0.000000	0.000000
5.420000E-6	0.312472	6.425464E-8	0.000000	0.000000	0.000000	2.296800E-5	0.012553	7.034892E-8	0.000000	0.000000	0.000000
5.408000E-6	0.428778	6.432380E-8	0.000000	0.000000	0.000000	5.444000E-6	0.021310	6.457534E-8	0.000000	0.000000	0.000000
5.436000E-6	0.226888	6.540540E-8	0.000000	0.000000	0.000000	4.191200E-5	0.025873	6.496723E-8	0.000000	0.000000	0.000000
5.428000E-6	0.261055	6.277279E-8	0.000000	0.000000	0.000000	5.456000E-6	0.017136	6.238247E-8	0.000000	0.000000	0.000000
5.412000E-6	0.373099	6.714711E-8	0.000000	0.000000	0.000000	5.428000E-6	0.089799	6.654654E-8	0.000000	0.000000	0.000000
5.424000E-6	0.312969	6.592039E-8	0.000000	0.000000	0.000000	5.452000E-6	0.018558	6.805348E-8	0.000000	0.000000	0.000000
5.412000E-6	0.390515	6.359792E-8	0.000000	0.000000	0.000000	5.440000E-6	0.031885	6.347478E-8	0.000000	0.000000	0.000000
5.404000E-6	0.437686	6.865202E-8	0.000000	0.000000	0.000000	5.428000E-6	0.026990	6.995415E-8	0.000000	0.000000	0.000000
5.420000E-6	0.336218	6.339577E-8	0.000000	0.000000	0.000000	5.444000E-6	0.030614	7.092831E-8	0.000000	0.000000	0.000000
5.412000E-6	0.359004	6.403060E-8	0.000000	0.000000	0.000000	5.436000E-6	0.043390	6.459309E-8	0.000000	0.000000	0.000000
5.412000E-6	0.406921	6.511819E-8	0.000000	0.000000	0.000000	5.440000E-6	0.020342	6.346669E-8	0.000000	0.000000	0.000000
5.428000E-6	0.250426	6.744977E-8	0.000000	0.000000	0.000000	5.444000E-6	0.041550	7.043344E-8	0.000000	0.000000	0.000000
5.432000E-6	0.262029	6.910703E-8	0.000000	0.000000	0.000000	5.460000E-6	0.015534	6.343609E-8	0.000000	0.000000	0.000000
5.400000E-6	0.467324	7.199348E-8	0.000000	0.000000	0.000000	5.440000E-6	0.015749	6.755722E-8	0.000000	0.000000	0.000000
5.436000E-6	0.199301	6.145984E-8	0.000000	0.000000	0.000000	5.448000E-6	0.058666	6.598383E-8	0.000000	0.000000	0.000000
5.432000E-6	0.233829	6.499646E-8	0.000000	0.000000	0.000000	5.460000E-6	0.014047	6.696192E-8	0.000000	0.000000	0.000000
5.408000E-6	0.449783	6.639974E-8	0.000000	0.000000	0.000000	5.436000E-6	0.019305	6.385490E-8	0.000000	0.000000	0.000000
5.428000E-6	0.233263	6.701177E-8	0.000000	0.000000	0.000000	5.448000E-6	0.047990	6.646348E-8	0.000000	0.000000	0.000000
5.424000E-6	0.285870	6.192706E-8	0.000000	0.000000	0.000000	5.464000E-6	0.015708	7.087726E-8	0.000000	0.000000	0.000000
5.428000E-6	0.289951	7.908917E-8	0.000000	0.000000	0.000000	5.448000E-6	0.041872	6.189055E-8	0.000000	0.000000	0.000000
5.416000E-6	0.334725	7.163203E-8	0.000000	0.000000	0.000000	5.440000E-6	0.037627	7.705531E-8	0.000000	0.000000	0.000000
5.412000E-6	0.364761	6.631210E-8	0.000000	0.000000	0.000000	5.436000E-6	0.042711	6.478900E-8	0.000000	0.000000	0.000000
5.420000E-6	0.309479	6.907675E-8	0.000000	0.000000	0.000000	5.444000E-6	0.024554	5.977215E-8	0.000000	0.000000	0.000000
5.428000E-6	0.276931	7.382620E-8	0.000000	0.000000	0.000000	5.448000E-6	0.037974	6.556223E-8	0.000000	0.000000	0.000000
5.416000E-6	0.331991	6.720069E-8	0.000000	0.000000	0.000000	5.444000E-6	0.016701	6.622633E-8	0.000000	0.000000	0.000000
5.396000E-6	0.550298	7.373639E-8	0.000000	0.000000	0.000000	5.416000E-6	0.050211	6.504791E-8	0.000000	0.000000	0.000000
5.420000E-6	0.331784	6.280356E-8	0.000000	0.000000	0.000000	5.440000E-6	0.033563	7.738856E-8	0.000000	0.000000	0.000000
5.416000E-6	0.302638	6.820590E-8	0.000000	0.000000	0.000000	5.444000E-6	0.022016	6.595416E-8	0.000000	0.000000	0.000000
5.412000E-6	0.390162	6.470740E-8	0.000000	0.000000	0.000000	5.436000E-6	0.033388	7.392389E-8	0.000000	0.000000	0.000000
5.408000E-6	0.414571	6.907579E-8	0.000000	0.000000	0.000000	5.448000E-6	0.025384	6.427398E-8	0.000000	0.000000	0.000000
5.420000E-6	0.324796	7.044498E-8	0.000000	0.000000	0.000000	5.444000E-6	0.039122	6.390571E-8	0.000000	0.000000	0.000000
5.416000E-6	0.354428	6.527426E-8	0.000000	0.000000	0.000000	5.444000E-6	0.021937	7.067539E-8	0.000000	0.000000	0.000000
5.416000E-6	0.380822	6.458079E-8	0.000000	0.000000	0.000000	5.440000E-6	0.036119	6.334839E-8	0.000000	0.000000	0.000000
5.408000E-6	0.385977	6.741834E-8	0.000000	0.000000	0.000000	5.428000E-6	0.049855	6.662084E-8	0.000000	0.000000	0.000000
5.412000E-6	0.420902	6.788723E-8	0.000000	0.000000	0.000000	5.436000E-6	0.030093	6.145174E-8	0.000000	0.000000	0.000000
5.428000E-6	0.271123	6.369380E-8	0.000000	0.000000	0.000000	5.444000E-6	0.062725	6.606809E-8	0.000000	0.000000	0.000000
5.400000E-6	0.460990	6.943825E-8	0.000000	0.000000	0.000000	5.424000E-6	0.039265	7.218852E-8	0.000000	0.000000	0.000000
5.424000E-6	0.309653	6.906827E-8	0.000000	0.000000	0.000000	5.452000E-6	0.015256	6.085458E-8	0.000000	0.000000	0.000000
5.424000E-6	0.316032	6.500376E-8	0.000000	0.000000	0.000000	5.444000E-6	0.029709	7.097158E-8	0.000000	0.000000	0.000000
5.420000E-6	0.311215	6.826830E-8	0.000000	0.000000	0.000000	5.444000E-6	0.037636	7.375772E-8	0.000000	0.000000	0.000000
5.404000E-6	0.497622	6.766709E-8	0.000000	0.000000	0.000000	5.432000E-6	0.023818	7.683349E-8	0.000000	0.000000	0.000000
5.436000E-6	0.243769	6.812602E-8	0.000000	0.000000	0.000000	5.460000E-6	0.014608	6.135896E-8	0.000000	0.000000	0.000000
5.408000E-6	0.470588	6.370441E-8	0.000000	0.000000	0.000000	5.432000E-6	0.024912	6.797175E-8	0.000000	0.000000	0.000000
5.420000E-6	0.308116	7.051436E-8	0.000000	0.000000	0.000000	5.440000E-6	0.042525	6.252171E-8	0.000000	0.000000	0.000000
5.424000E-6	0.288143	6.609600E-8	0.000000	0.000000	0.000000	5.464000E-6	0.016028	7.301162E-8	0.000000	0.000000	0.000000
5.432000E-6	0.231868	7.487836E-8	0.000000	0.000000	0.000000	5.452000E-6	0.027512	6.996764E-8	0.000000	0.000000	0.000000
5.416000E-6	0.406406	7.038515E-8	0.000000	0.000000	0.000000	5.440000E-6	0.049074	6.568994E-8	0.000000	0.000000	0.000000
5.412000E-6	0.417978	6.649726E-8	0.000000	0.000000	0.000000	5.432000E-6	0.048096	6.981269E-8	0.000000	0.000000	0.000000
5.416000E-6	0.309933	6.290648E-8	0.000000	0.000000	0.000000	5.432000E-6	0.077107	6.731888E-8	0.000000	0.000000	0.000000
5.408000E-6	0.429685	6.694529E-8	0.000000	0.000000	0.000000	5.436000E-6	0.030945	6.586720E-8	0.000000	0.000000	0.000000
5.424000E-6	0.312966	7.687475E-8	0.000000	0.000000	0.000000	5.444000E-6	0.036909	6.116993E-8	0.000000	0.000000	0.000000
5.408000E-6	0.356601	7.075640E-8	0.000000	0.000000	0.000000	5.432000E-6	0.044410	7.482198E-8	0.000000	0.000000	0.000000
5.432000E-6	0.261168	6.559440E-8	0.000000	0.000000	0.000000	5.452000E-6	0.032053	6.656976E-8	0.000000	0.000000	0.000000
5.428000E-6	0.254463	8.148598E-8	0.000000	0.000000	0.000000	5.448000E-6	0.042676	6.735536E-8	0.000000	0.000000	0.000000
5.412000E-6	0.427687	6.412801E-8	0.000000	0.000000	0.000000	5.436000E-6	0.027610	6.814941E-8	0.000000	0.000000	0.000000
5.428000E-6	0.217244	6.102318E-8	0.000000	0.000000	0.000000	5.464000E-6	0.015777	6.591061E-8	0.000000	0.000000	0.000000
5.416000E-6	0.338925	6.936543E-8	0.000000	0.000000	0.000000	5.444000E-6	0.021138	6.116913E-8	0.000000	0.000000	0.000000
5.408000E-6	0.443844	6.641746E-8	0.000000	0.000000	0.000000	5.432000E-6	0.033135	6.593231E-8	0.000000	0.000000	0.000000
5.400000E-6	0.505353	7.531891E-8	0.000000	0.000000	0.000000	5.436000E-6	0.018640	6.476506E-8	0.000000	0.000000	0.000000
5.408000E-6	0.365336	6.958204E-8	0.000000	0.000000	0.000000	5.436000E-6	0.026716	7.657506E-8	0.000000	0.000000	0.000000
5.432000E-6	0.241823	6.433518E-8	0.000000	0.000000	0.000000	5.456000E-6	0.016232	6.264498E-8	0.000000	0.000000	0.000000
5.412000E-6	0.358784	6.246815E-8	0.000000	0.000000	0.000000	5.440000E-6	0.024297	6.198653E-8	0.000000	0.000000	0.000000
5.412000E-6	0.381828	6.478989E-8	0.000000	0.000000	0.000000	5.440000E-6	0.031237	6.328792E-8	0.000000	0.000000	0.000000
5.428000E-6	0.245291	6.326828E-8	0.000000	0.000000	0.000000	5.448000E-6	0.030550	6.535026E-8	0.000000	0.000000	0.000000
