Trigger Count=1575	Output Count=50	Elapsed Time=10:00.471	Number of Pulses CH0=2	Number of Pulses CH1=0
 rate (Hz)=2.50E+8	Min record length=11364	Trigger level (V)=0.6000	Channel 0 threshold (V)=0.0500	Channel 1 threshold (V)=0.0500	Range (microseconds)=40.0000	Pulse 2 delay (microseconds)=1.0000	Lower cut-off frequency (Hz)=1.00E+6
                             	                             
Ch0_time1 (s)	Ch0_amp1 (V)	Ch0_width1 (s)	Ch0_time2 (s)	Ch0_amp2 (V)	Ch0_width2 (s)	Ch1_time1 (s)	Ch1_amp1 (V)	Ch1_width1 (s)	Ch1_time2 (s)	Ch1_amp2 (V)	Ch1_width2 (s)
5.412000E-6	0.538277	7.505070E-8	7.084000E-6	0.013405	6.436154E-8	0.000000	0.000000	0.000000	0.000000	0.000000	0.000000
5.432000E-6	0.378787	6.117128E-8	6.636000E-6	0.033551	5.992576E-8	0.000000	0.000000	0.000000	0.000000	0.000000	0.000000
5.428000E-6	0.400236	6.214235E-8	6.588000E-6	0.018104	5.585860E-8	0.000000	0.000000	0.000000	0.000000	0.000000	0.000000
5.432000E-6	0.398293	6.927276E-8	6.832000E-6	0.043093	6.588803E-8	0.000000	0.000000	0.000000	0.000000	0.000000	0.000000
5.424000E-6	0.452783	6.648038E-8	7.832000E-6	0.021748	5.401316E-8	0.000000	0.000000	0.000000	0.000000	0.000000	0.000000
5.428000E-6	0.383922	6.514230E-8	6.628000E-6	0.049662	6.363436E-8	0.000000	0.000000	0.000000	0.000000	0.000000	0.000000
5.436000E-6	0.353167	6.301642E-8	6.932000E-6	0.045076	6.212524E-8	0.000000	0.000000	0.000000	0.000000	0.000000	0.000000
5.424000E-6	0.441469	6.446415E-8	9.292000E-6	0.023145	5.678179E-8	0.000000	0.000000	0.000000	0.000000	0.000000	0.000000
5.432000E-6	0.428726	6.715719E-8	6.792000E-6	0.018159	5.632499E-8	0.000000	0.000000	0.000000	0.000000	0.000000	0.000000
5.432000E-6	0.409573	6.512451E-8	6.484000E-6	0.031092	8.395515E-8	0.000000	0.000000	0.000000	0.000000	0.000000	0.000000
5.432000E-6	0.397954	6.215300E-8	7.364000E-6	0.014930	4.965483E-8	0.000000	0.000000	0.000000	0.000000	0.000000	0.000000
5.432000E-6	0.425001	6.959131E-8	6.584000E-6	0.022221	5.409963E-8	0.000000	0.000000	0.000000	0.000000	0.000000	0.000000
5.428000E-6	0.405152	6.861265E-8	6.608000E-6	0.013011	5.265222E-8	0.000000	0.000000	0.000000	0.000000	0.000000	0.000000
5.384000E-6	0.628447	1.057792E-7	6.628000E-6	0.025438	7.062854E-8	0.000000	0.000000	0.000000	0.000000	0.000000	0.000000
5.428000E-6	0.396207	6.624075E-8	6.636000E-6	0.026633	5.487597E-8	0.000000	0.000000	0.000000	0.000000	0.000000	0.000000
5.428000E-6	0.460808	7.015466E-8	7.272000E-6	0.027817	5.228176E-8	0.000000	0.000000	0.000000	0.000000	0.000000	0.000000
5.428000E-6	0.403307	6.578056E-8	2.045600E-5	0.014546	5.221426E-8	0.000000	0.000000	0.000000	0.000000	0.000000	0.000000
5.424000E-6	0.473006	6.908903E-8	7.324000E-6	0.031648	5.735134E-8	0.000000	0.000000	0.000000	0.000000	0.000000	0.000000
5.428000E-6	0.382686	6.246415E-8	6.604000E-6	0.031256	5.534994E-8	0.000000	0.000000	0.000000	0.000000	0.000000	0.000000
5.444000E-6	0.258167	5.638312E-8	7.416000E-6	0.026313	5.603417E-8	0.000000	0.000000	0.000000	0.000000	0.000000	0.000000
5.432000E-6	0.378917	6.421063E-8	8.284000E-6	0.020696	5.447108E-8	0.000000	0.000000	0.000000	0.000000	0.000000	0.000000
5.436000E-6	0.320833	6.180996E-8	6.632000E-6	0.032449	5.494046E-8	0.000000	0.000000	0.000000	0.000000	0.000000	0.000000
5.428000E-6	0.375221	6.078149E-8	6.496000E-6	0.068226	6.202479E-8	0.000000	0.000000	0.000000	0.000000	0.000000	0.000000
5.400000E-6	0.596096	9.203761E-8	6.728000E-6	0.034065	5.538699E-8	0.000000	0.000000	0.000000	0.000000	0.000000	0.000000
5.436000E-6	0.374778	6.482392E-8	6.696000E-6	0.016345	5.521726E-8	0.000000	0.000000	0.000000	0.000000	0.000000	0.000000
5.436000E-6	0.359918	6.440514E-8	6.660000E-6	0.024756	5.472728E-8	0.000000	0.000000	0.000000	0.000000	0.000000	0.000000
5.424000E-6	0.427427	6.454781E-8	6.632000E-6	0.026816	5.712547E-8	0.000000	0.000000	0.000000	0.000000	0.000000	0.000000
5.432000E-6	0.380621	6.774178E-8	3.916000E-5	0.151546	6.206779E-8	0.000000	0.000000	0.000000	0.000000	0.000000	0.000000
5.396000E-6	0.603361	8.608016E-8	6.576000E-6	0.021966	5.399998E-8	0.000000	0.000000	0.000000	0.000000	0.000000	0.000000
5.432000E-6	0.400382	6.235697E-8	6.712000E-6	0.018995	5.428694E-8	0.000000	0.000000	0.000000	0.000000	0.000000	0.000000
5.420000E-6	0.484789	6.759241E-8	7.340000E-6	0.023029	5.616118E-8	0.000000	0.000000	0.000000	0.000000	0.000000	0.000000
5.416000E-6	0.537886	7.528117E-8	6.788000E-6	0.016771	5.771202E-8	0.000000	0.000000	0.000000	0.000000	0.000000	0.000000
5.432000E-6	0.379338	6.884011E-8	6.512000E-6	0.015168	5.494177E-8	0.000000	0.000000	0.000000	0.000000	0.000000	0.000000
5.432000E-6	0.431659	6.952639E-8	6.604000E-6	0.015557	5.654024E-8	0.000000	0.000000	0.000000	0.000000	0.000000	0.000000
5.420000E-6	0.499262	6.587120E-8	6.840000E-6	0.035958	5.323916E-8	0.000000	0.000000	0.000000	0.000000	0.000000	0.000000
5.428000E-6	0.431423	6.314007E-8	7.008000E-6	0.022969	5.812016E-8	0.000000	0.000000	0.000000	0.000000	0.000000	0.000000
5.432000E-6	0.347037	6.475891E-8	6.668000E-6	0.019627	5.651391E-8	0.000000	0.000000	0.000000	0.000000	0.000000	0.000000
5.428000E-6	0.403139	6.908866E-8	6.600000E-6	0.018138	5.571304E-8	0.000000	0.000000	0.000000	0.000000	0.000000	0.000000
5.416000E-6	0.524616	7.275031E-8	6.604000E-6	0.019909	5.655378E-8	0.000000	0.000000	0.000000	0.000000	0.000000	0.000000
5.436000E-6	0.376550	6.392469E-8	6.664000E-6	0.020088	1.043437E-7	0.000000	0.000000	0.000000	0.000000	0.000000	0.000000
5.416000E-6	0.509817	6.895110E-8	3.571600E-5	0.025250	5.567852E-8	0.000000	0.000000	0.000000	0.000000	0.000000	0.000000
5.400000E-6	0.586929	8.714978E-8	7.036000E-6	0.069376	6.342273E-8	0.000000	0.000000	0.000000	0.000000	0.000000	0.000000
5.424000E-6	0.422852	6.689937E-8	7.500000E-6	0.072177	5.862030E-8	0.000000	0.000000	0.000000	0.000000	0.000000	0.000000
5.420000E-6	0.495626	6.786005E-8	6.640000E-6	0.020350	5.264103E-8	0.000000	0.000000	0.000000	0.000000	0.000000	0.000000
5.432000E-6	0.408915	6.811950E-8	7.484000E-6	0.018918	5.465976E-8	0.000000	0.000000	0.000000	0.000000	0.000000	0.000000
5.396000E-6	0.612335	8.817470E-8	6.788000E-6	0.029186	5.987735E-8	0.000000	0.000000	0.000000	0.000000	0.000000	0.000000
5.432000E-6	0.400401	6.615441E-8	6.632000E-6	0.018564	5.569925E-8	0.000000	0.000000	0.000000	0.000000	0.000000	0.000000
5.428000E-6	0.398986	7.109100E-8	6.632000E-6	0.021611	5.226457E-8	0.000000	0.000000	0.000000	0.000000	0.000000	0.000000
5.432000E-6	0.409126	6.327313E-8	6.672000E-6	0.023739	5.668002E-8	0.000000	0.000000	0.000000	0.000000	0.000000	0.000000
5.428000E-6	0.412931	6.706772E-8	6.576000E-6	0.029462	5.726213E-8	0.000000	0.000000	0.000000	0.000000	0.000000	0.000000
