Trigger Count=13527	Output Count=302	Elapsed Time=05:00.040	Number of Pulses CH0=2	Number of Pulses CH1=0
ate (Hz)=2.50E+8	Min record length=11364	Trigger level (V)=0.1500	Channel 0 threshold (V)=0.0500	Channel 1 threshold (V)=0.0500	Range (microseconds)=40.0000	Pulse 2 delay (microseconds)=1.0000	Lower cut-off frequency (Hz)=1.00E+6
                             	                             
Ch0_time1 (s)	Ch0_amp1 (V)	Ch0_width1 (s)	Ch0_time2 (s)	Ch0_amp2 (V)	Ch0_width2 (s)	Ch1_time1 (s)	Ch1_amp1 (V)	Ch1_width1 (s)	Ch1_time2 (s)	Ch1_amp2 (V)	Ch1_width2 (s)
5.408000E-6	0.231923	6.060368E-8	7.156000E-6	0.058493	6.730597E-8	0.000000	0.000000	0.000000	0.000000	0.000000	0.000000
5.416000E-6	0.142363	6.559074E-8	8.996000E-6	0.015166	1.243379E-7	0.000000	0.000000	0.000000	0.000000	0.000000	0.000000
5.432000E-6	0.100541	5.877001E-8	6.644000E-6	0.092583	6.663125E-8	0.000000	0.000000	0.000000	0.000000	0.000000	0.000000
5.412000E-6	0.124675	6.939700E-8	1.118800E-5	0.044549	6.778286E-8	0.000000	0.000000	0.000000	0.000000	0.000000	0.000000
5.432000E-6	0.120814	5.532353E-8	4.512400E-5	0.018092	7.697693E-8	0.000000	0.000000	0.000000	0.000000	0.000000	0.000000
5.424000E-6	0.135016	6.675655E-8	6.680000E-6	0.071935	6.734983E-8	0.000000	0.000000	0.000000	0.000000	0.000000	0.000000
5.492000E-6	0.217790	6.940960E-8	6.620000E-6	0.027090	5.680523E-8	0.000000	0.000000	0.000000	0.000000	0.000000	0.000000
5.388000E-6	0.348840	6.867367E-8	6.532000E-6	0.022226	5.498204E-8	0.000000	0.000000	0.000000	0.000000	0.000000	0.000000
5.484000E-6	0.230755	6.814563E-8	8.284000E-6	0.036990	7.498876E-8	0.000000	0.000000	0.000000	0.000000	0.000000	0.000000
5.432000E-6	0.109250	5.908306E-8	6.636000E-6	0.027762	5.680177E-8	0.000000	0.000000	0.000000	0.000000	0.000000	0.000000
5.436000E-6	0.097692	6.526328E-8	7.024000E-6	0.017392	5.604865E-8	0.000000	0.000000	0.000000	0.000000	0.000000	0.000000
5.424000E-6	0.143138	6.211343E-8	6.652000E-6	0.020534	5.668099E-8	0.000000	0.000000	0.000000	0.000000	0.000000	0.000000
5.400000E-6	0.270858	6.734222E-8	9.468000E-6	0.018529	5.348136E-8	0.000000	0.000000	0.000000	0.000000	0.000000	0.000000
5.432000E-6	0.100987	6.215734E-8	6.608000E-6	0.023843	5.875635E-8	0.000000	0.000000	0.000000	0.000000	0.000000	0.000000
5.488000E-6	0.227576	6.118400E-8	6.620000E-6	0.026110	5.628002E-8	0.000000	0.000000	0.000000	0.000000	0.000000	0.000000
5.488000E-6	0.167152	5.934285E-8	6.604000E-6	0.019465	5.368593E-8	0.000000	0.000000	0.000000	0.000000	0.000000	0.000000
5.408000E-6	0.203404	7.268803E-8	7.432000E-6	0.068466	5.787720E-8	0.000000	0.000000	0.000000	0.000000	0.000000	0.000000
5.388000E-6	0.367454	6.800641E-8	6.596000E-6	0.017048	5.426804E-8	0.000000	0.000000	0.000000	0.000000	0.000000	0.000000
5.480000E-6	0.252567	6.192213E-8	6.568000E-6	0.039522	5.501671E-8	0.000000	0.000000	0.000000	0.000000	0.000000	0.000000
5.408000E-6	0.234428	6.289355E-8	7.672000E-6	0.019731	5.356270E-8	0.000000	0.000000	0.000000	0.000000	0.000000	0.000000
5.424000E-6	0.106752	6.112896E-8	8.440000E-6	0.050843	6.266021E-8	0.000000	0.000000	0.000000	0.000000	0.000000	0.000000
5.420000E-6	0.126778	6.344422E-8	6.712000E-6	0.033487	5.523884E-8	0.000000	0.000000	0.000000	0.000000	0.000000	0.000000
5.408000E-6	0.204858	6.493977E-8	4.248000E-5	0.133521	5.816647E-8	0.000000	0.000000	0.000000	0.000000	0.000000	0.000000
5.428000E-6	0.148896	6.546111E-8	7.120000E-6	0.090571	6.425435E-8	0.000000	0.000000	0.000000	0.000000	0.000000	0.000000
5.424000E-6	0.169210	6.622000E-8	6.884000E-6	0.017708	5.578965E-8	0.000000	0.000000	0.000000	0.000000	0.000000	0.000000
5.400000E-6	0.233732	6.833387E-8	8.292000E-6	0.039889	7.146238E-8	0.000000	0.000000	0.000000	0.000000	0.000000	0.000000
5.488000E-6	0.155287	6.453708E-8	7.524000E-6	0.066777	6.798435E-8	0.000000	0.000000	0.000000	0.000000	0.000000	0.000000
5.432000E-6	0.103333	8.322958E-8	6.684000E-6	0.019206	5.890146E-8	0.000000	0.000000	0.000000	0.000000	0.000000	0.000000
5.400000E-6	0.340047	6.229696E-8	6.808000E-6	0.020200	5.642219E-8	0.000000	0.000000	0.000000	0.000000	0.000000	0.000000
5.388000E-6	0.260067	7.008271E-8	6.512000E-6	0.033614	5.480505E-8	0.000000	0.000000	0.000000	0.000000	0.000000	0.000000
5.424000E-6	0.125686	6.188564E-8	6.860000E-6	0.016462	5.204176E-8	0.000000	0.000000	0.000000	0.000000	0.000000	0.000000
5.424000E-6	0.144590	7.130629E-8	8.640000E-6	0.081243	6.200155E-8	0.000000	0.000000	0.000000	0.000000	0.000000	0.000000
5.428000E-6	0.115447	6.440923E-8	3.989200E-5	0.193535	6.364172E-8	0.000000	0.000000	0.000000	0.000000	0.000000	0.000000
5.508000E-6	0.378240	6.431480E-8	6.632000E-6	0.038393	6.373793E-8	0.000000	0.000000	0.000000	0.000000	0.000000	0.000000
5.428000E-6	0.129189	7.404774E-8	6.824000E-6	0.020489	5.309183E-8	0.000000	0.000000	0.000000	0.000000	0.000000	0.000000
5.416000E-6	0.202180	6.989199E-8	6.956000E-6	0.095326	6.406052E-8	0.000000	0.000000	0.000000	0.000000	0.000000	0.000000
5.404000E-6	0.238846	6.829951E-8	7.068000E-6	0.063261	6.213744E-8	0.000000	0.000000	0.000000	0.000000	0.000000	0.000000
5.364000E-6	0.523144	7.226003E-8	6.560000E-6	0.019297	5.572672E-8	0.000000	0.000000	0.000000	0.000000	0.000000	0.000000
5.420000E-6	0.149770	6.391453E-8	6.596000E-6	0.020374	5.304784E-8	0.000000	0.000000	0.000000	0.000000	0.000000	0.000000
5.424000E-6	0.144711	6.113056E-8	1.149200E-5	0.039768	5.866372E-8	0.000000	0.000000	0.000000	0.000000	0.000000	0.000000
5.408000E-6	0.205653	6.571167E-8	7.396000E-6	0.022666	5.623523E-8	0.000000	0.000000	0.000000	0.000000	0.000000	0.000000
5.336000E-6	0.557683	8.078468E-8	6.740000E-6	0.026085	5.484345E-8	0.000000	0.000000	0.000000	0.000000	0.000000	0.000000
5.436000E-6	0.094064	5.976580E-8	2.866000E-5	0.016543	5.297638E-8	0.000000	0.000000	0.000000	0.000000	0.000000	0.000000
5.484000E-6	0.292584	6.425238E-8	8.176000E-6	0.056551	5.813516E-8	0.000000	0.000000	0.000000	0.000000	0.000000	0.000000
5.408000E-6	0.192243	7.040066E-8	7.520000E-6	0.046733	5.632529E-8	0.000000	0.000000	0.000000	0.000000	0.000000	0.000000
5.516000E-6	0.350702	6.444255E-8	6.836000E-6	0.026241	5.311725E-8	0.000000	0.000000	0.000000	0.000000	0.000000	0.000000
5.508000E-6	0.422845	6.712422E-8	6.608000E-6	0.019862	5.693343E-8	0.000000	0.000000	0.000000	0.000000	0.000000	0.000000
5.408000E-6	0.242218	6.341994E-8	7.580000E-6	0.038534	5.559576E-8	0.000000	0.000000	0.000000	0.000000	0.000000	0.000000
5.396000E-6	0.277071	6.777512E-8	9.344000E-6	0.084529	5.773618E-8	0.000000	0.000000	0.000000	0.000000	0.000000	0.000000
5.416000E-6	0.173219	6.469705E-8	6.776000E-6	0.021192	5.304405E-8	0.000000	0.000000	0.000000	0.000000	0.000000	0.000000
5.432000E-6	0.108074	7.535868E-8	6.604000E-6	0.015571	1.345053E-7	0.000000	0.000000	0.000000	0.000000	0.000000	0.000000
5.436000E-6	0.088491	6.445506E-8	1.724800E-5	0.042441	7.355782E-8	0.000000	0.000000	0.000000	0.000000	0.000000	0.000000
5.388000E-6	0.315542	7.018397E-8	1.162800E-5	0.055241	6.697170E-8	0.000000	0.000000	0.000000	0.000000	0.000000	0.000000
5.500000E-6	0.221951	6.855031E-8	7.604000E-6	0.054276	6.652064E-8	0.000000	0.000000	0.000000	0.000000	0.000000	0.000000
5.384000E-6	0.345918	6.766370E-8	9.296000E-6	0.021361	5.657281E-8	0.000000	0.000000	0.000000	0.000000	0.000000	0.000000
5.388000E-6	0.385831	6.554598E-8	6.744000E-6	0.028697	6.102878E-8	0.000000	0.000000	0.000000	0.000000	0.000000	0.000000
5.496000E-6	0.307106	6.557695E-8	6.736000E-6	0.020320	5.850887E-8	0.000000	0.000000	0.000000	0.000000	0.000000	0.000000
5.424000E-6	0.150142	6.090045E-8	6.780000E-6	0.018985	5.402339E-8	0.000000	0.000000	0.000000	0.000000	0.000000	0.000000
5.504000E-6	0.308564	6.964568E-8	6.692000E-6	0.018508	5.232526E-8	0.000000	0.000000	0.000000	0.000000	0.000000	0.000000
5.508000E-6	0.247353	6.788804E-8	7.000000E-6	0.018972	5.189274E-8	0.000000	0.000000	0.000000	0.000000	0.000000	0.000000
5.400000E-6	0.306095	6.196863E-8	6.520000E-6	0.024129	5.723397E-8	0.000000	0.000000	0.000000	0.000000	0.000000	0.000000
5.504000E-6	0.326771	6.517606E-8	6.548000E-6	0.023849	5.560081E-8	0.000000	0.000000	0.000000	0.000000	0.000000	0.000000
5.380000E-6	0.400322	6.647594E-8	6.572000E-6	0.015348	5.431266E-8	0.000000	0.000000	0.000000	0.000000	0.000000	0.000000
5.512000E-6	0.334678	6.608977E-8	7.304000E-6	0.034266	5.558189E-8	0.000000	0.000000	0.000000	0.000000	0.000000	0.000000
5.408000E-6	0.192306	6.421066E-8	7.872000E-6	0.049186	6.192558E-8	0.000000	0.000000	0.000000	0.000000	0.000000	0.000000
5.496000E-6	0.170736	7.232637E-8	6.584000E-6	0.021056	5.613999E-8	0.000000	0.000000	0.000000	0.000000	0.000000	0.000000
5.432000E-6	0.092557	6.177973E-8	7.792000E-6	0.024355	6.278536E-8	0.000000	0.000000	0.000000	0.000000	0.000000	0.000000
5.420000E-6	0.152708	6.719861E-8	6.732000E-6	0.095467	6.204230E-8	0.000000	0.000000	0.000000	0.000000	0.000000	0.000000
5.416000E-6	0.195501	6.382406E-8	6.712000E-6	0.061868	5.967853E-8	0.000000	0.000000	0.000000	0.000000	0.000000	0.000000
5.496000E-6	0.266797	6.744623E-8	8.404000E-6	0.039618	5.672080E-8	0.000000	0.000000	0.000000	0.000000	0.000000	0.000000
5.396000E-6	0.209914	7.329991E-8	1.027200E-5	0.021144	5.569201E-8	0.000000	0.000000	0.000000	0.000000	0.000000	0.000000
5.408000E-6	0.192640	6.679369E-8	1.070800E-5	0.095397	6.117991E-8	0.000000	0.000000	0.000000	0.000000	0.000000	0.000000
5.408000E-6	0.191397	7.399043E-8	6.852000E-6	0.018954	5.684306E-8	0.000000	0.000000	0.000000	0.000000	0.000000	0.000000
5.396000E-6	0.310870	6.570709E-8	6.992000E-6	0.019651	5.518473E-8	0.000000	0.000000	0.000000	0.000000	0.000000	0.000000
5.400000E-6	0.295954	6.258623E-8	8.928000E-6	0.042635	5.961630E-8	0.000000	0.000000	0.000000	0.000000	0.000000	0.000000
5.428000E-6	0.130448	5.729117E-8	6.608000E-6	0.021060	5.526335E-8	0.000000	0.000000	0.000000	0.000000	0.000000	0.000000
5.412000E-6	0.241778	6.104787E-8	6.600000E-6	0.022277	5.488117E-8	0.000000	0.000000	0.000000	0.000000	0.000000	0.000000
5.512000E-6	0.251451	7.087384E-8	6.776000E-6	0.025383	5.585321E-8	0.000000	0.000000	0.000000	0.000000	0.000000	0.000000
5.428000E-6	0.122302	6.336348E-8	1.709600E-5	0.022785	5.615237E-8	0.000000	0.000000	0.000000	0.000000	0.000000	0.000000
5.412000E-6	0.244146	6.417110E-8	7.248000E-6	0.021739	5.416840E-8	0.000000	0.000000	0.000000	0.000000	0.000000	0.000000
5.436000E-6	0.098148	5.887678E-8	6.772000E-6	0.017354	5.445962E-8	0.000000	0.000000	0.000000	0.000000	0.000000	0.000000
5.412000E-6	0.177787	6.359433E-8	8.644000E-6	0.035476	7.198348E-8	0.000000	0.000000	0.000000	0.000000	0.000000	0.000000
5.504000E-6	0.500989	6.663247E-8	6.588000E-6	0.019467	5.227976E-8	0.000000	0.000000	0.000000	0.000000	0.000000	0.000000
5.416000E-6	0.198865	6.409939E-8	6.692000E-6	0.063813	6.839724E-8	0.000000	0.000000	0.000000	0.000000	0.000000	0.000000
5.436000E-6	0.112813	5.627088E-8	4.297600E-5	0.172587	7.808140E-8	0.000000	0.000000	0.000000	0.000000	0.000000	0.000000
5.408000E-6	0.264019	6.256554E-8	6.604000E-6	0.016647	5.476908E-8	0.000000	0.000000	0.000000	0.000000	0.000000	0.000000
5.408000E-6	0.207959	6.338184E-8	6.460000E-6	0.074726	6.706961E-8	0.000000	0.000000	0.000000	0.000000	0.000000	0.000000
5.488000E-6	0.188142	6.285387E-8	6.572000E-6	0.024248	5.494950E-8	0.000000	0.000000	0.000000	0.000000	0.000000	0.000000
5.420000E-6	0.154869	6.763682E-8	7.776000E-6	0.056755	6.858451E-8	0.000000	0.000000	0.000000	0.000000	0.000000	0.000000
5.504000E-6	0.308637	6.744390E-8	6.564000E-6	0.025303	5.383353E-8	0.000000	0.000000	0.000000	0.000000	0.000000	0.000000
5.396000E-6	0.240050	6.781734E-8	7.748000E-6	0.033470	6.014179E-8	0.000000	0.000000	0.000000	0.000000	0.000000	0.000000
5.420000E-6	0.158263	6.657064E-8	1.094000E-5	0.044159	6.090887E-8	0.000000	0.000000	0.000000	0.000000	0.000000	0.000000
5.404000E-6	0.247559	6.548502E-8	3.379200E-5	0.212300	6.400040E-8	0.000000	0.000000	0.000000	0.000000	0.000000	0.000000
5.416000E-6	0.185128	5.959215E-8	9.312000E-6	0.058426	6.265576E-8	0.000000	0.000000	0.000000	0.000000	0.000000	0.000000
5.480000E-6	0.158932	6.790937E-8	6.828000E-6	0.077111	6.754928E-8	0.000000	0.000000	0.000000	0.000000	0.000000	0.000000
5.404000E-6	0.273409	6.181043E-8	7.656000E-6	0.019244	5.464893E-8	0.000000	0.000000	0.000000	0.000000	0.000000	0.000000
5.500000E-6	0.253643	6.680980E-8	8.080000E-6	0.048832	5.798986E-8	0.000000	0.000000	0.000000	0.000000	0.000000	0.000000
5.416000E-6	0.170970	6.678993E-8	6.492000E-6	0.086348	6.042289E-8	0.000000	0.000000	0.000000	0.000000	0.000000	0.000000
5.420000E-6	0.125698	6.455115E-8	8.436000E-6	0.021641	5.688339E-8	0.000000	0.000000	0.000000	0.000000	0.000000	0.000000
5.392000E-6	0.265958	7.001732E-8	6.636000E-6	0.086897	6.778871E-8	0.000000	0.000000	0.000000	0.000000	0.000000	0.000000
5.428000E-6	0.111202	6.293239E-8	6.844000E-6	0.025634	5.533349E-8	0.000000	0.000000	0.000000	0.000000	0.000000	0.000000
5.392000E-6	0.296973	6.633402E-8	1.141600E-5	0.077908	6.062283E-8	0.000000	0.000000	0.000000	0.000000	0.000000	0.000000
5.416000E-6	0.150448	6.080700E-8	7.184000E-6	0.031835	6.547101E-8	0.000000	0.000000	0.000000	0.000000	0.000000	0.000000
5.440000E-6	0.081754	5.887897E-8	7.240000E-6	0.039342	6.037670E-8	0.000000	0.000000	0.000000	0.000000	0.000000	0.000000
5.396000E-6	0.232907	7.404581E-8	7.824000E-6	0.066487	5.904881E-8	0.000000	0.000000	0.000000	0.000000	0.000000	0.000000
5.412000E-6	0.161617	6.314467E-8	6.632000E-6	0.021928	5.341250E-8	0.000000	0.000000	0.000000	0.000000	0.000000	0.000000
5.436000E-6	0.095002	6.164512E-8	7.920000E-6	0.024394	7.868981E-8	0.000000	0.000000	0.000000	0.000000	0.000000	0.000000
5.416000E-6	0.170901	6.033231E-8	6.588000E-6	0.024789	5.341661E-8	0.000000	0.000000	0.000000	0.000000	0.000000	0.000000
5.420000E-6	0.159376	6.505578E-8	1.648400E-5	0.018492	5.663597E-8	0.000000	0.000000	0.000000	0.000000	0.000000	0.000000
5.436000E-6	0.086849	5.624149E-8	7.708000E-6	0.046610	5.871526E-8	0.000000	0.000000	0.000000	0.000000	0.000000	0.000000
5.400000E-6	0.335990	6.272315E-8	6.508000E-6	0.036363	6.991662E-8	0.000000	0.000000	0.000000	0.000000	0.000000	0.000000
5.420000E-6	0.134939	6.167773E-8	8.704000E-6	0.069293	6.993429E-8	0.000000	0.000000	0.000000	0.000000	0.000000	0.000000
5.404000E-6	0.214544	6.796398E-8	3.046400E-5	0.025140	5.506893E-8	0.000000	0.000000	0.000000	0.000000	0.000000	0.000000
5.420000E-6	0.185375	6.659486E-8	7.544000E-6	0.062441	7.079742E-8	0.000000	0.000000	0.000000	0.000000	0.000000	0.000000
5.508000E-6	0.300160	6.673455E-8	6.972000E-6	0.029397	5.528447E-8	0.000000	0.000000	0.000000	0.000000	0.000000	0.000000
5.432000E-6	0.117564	8.881130E-8	1.865600E-5	0.031725	5.978778E-8	0.000000	0.000000	0.000000	0.000000	0.000000	0.000000
5.408000E-6	0.239001	6.617616E-8	6.580000E-6	0.019724	5.339979E-8	0.000000	0.000000	0.000000	0.000000	0.000000	0.000000
5.424000E-6	0.127598	8.020329E-8	8.220000E-6	0.028631	5.557162E-8	0.000000	0.000000	0.000000	0.000000	0.000000	0.000000
5.408000E-6	0.213047	6.149542E-8	3.372800E-5	0.021008	5.317372E-8	0.000000	0.000000	0.000000	0.000000	0.000000	0.000000
5.428000E-6	0.131461	7.898618E-8	6.788000E-6	0.079618	5.754816E-8	0.000000	0.000000	0.000000	0.000000	0.000000	0.000000
5.404000E-6	0.237106	6.591084E-8	6.588000E-6	0.015997	5.491653E-8	0.000000	0.000000	0.000000	0.000000	0.000000	0.000000
5.428000E-6	0.111263	6.160092E-8	7.628000E-6	0.051622	6.046706E-8	0.000000	0.000000	0.000000	0.000000	0.000000	0.000000
5.500000E-6	0.206644	6.536993E-8	6.624000E-6	0.022268	5.461748E-8	0.000000	0.000000	0.000000	0.000000	0.000000	0.000000
5.412000E-6	0.187983	6.422091E-8	7.972000E-6	0.016958	5.200635E-8	0.000000	0.000000	0.000000	0.000000	0.000000	0.000000
5.392000E-6	0.301338	6.801945E-8	7.088000E-6	0.017731	5.778303E-8	0.000000	0.000000	0.000000	0.000000	0.000000	0.000000
5.336000E-6	0.583360	8.201303E-8	6.560000E-6	0.018654	5.577852E-8	0.000000	0.000000	0.000000	0.000000	0.000000	0.000000
5.428000E-6	0.123974	6.182422E-8	6.756000E-6	0.020138	5.311381E-8	0.000000	0.000000	0.000000	0.000000	0.000000	0.000000
5.416000E-6	0.193551	6.687976E-8	1.028400E-5	0.063156	5.541841E-8	0.000000	0.000000	0.000000	0.000000	0.000000	0.000000
5.504000E-6	0.299934	6.497340E-8	6.904000E-6	0.021169	5.016112E-8	0.000000	0.000000	0.000000	0.000000	0.000000	0.000000
5.408000E-6	0.261292	6.366770E-8	6.584000E-6	0.020109	8.478049E-8	0.000000	0.000000	0.000000	0.000000	0.000000	0.000000
5.480000E-6	0.164497	6.655953E-8	6.808000E-6	0.035438	5.699129E-8	0.000000	0.000000	0.000000	0.000000	0.000000	0.000000
5.424000E-6	0.146949	6.279086E-8	6.904000E-6	0.041253	5.652318E-8	0.000000	0.000000	0.000000	0.000000	0.000000	0.000000
5.492000E-6	0.179410	6.098323E-8	6.596000E-6	0.024809	5.186150E-8	0.000000	0.000000	0.000000	0.000000	0.000000	0.000000
5.420000E-6	0.152048	6.694230E-8	1.005200E-5	0.145255	6.276338E-8	0.000000	0.000000	0.000000	0.000000	0.000000	0.000000
5.492000E-6	0.189560	6.046326E-8	1.384400E-5	0.025052	7.383882E-8	0.000000	0.000000	0.000000	0.000000	0.000000	0.000000
5.480000E-6	0.266483	6.381147E-8	3.088400E-5	0.094802	5.579646E-8	0.000000	0.000000	0.000000	0.000000	0.000000	0.000000
5.396000E-6	0.260043	7.124945E-8	6.572000E-6	0.026684	5.757044E-8	0.000000	0.000000	0.000000	0.000000	0.000000	0.000000
5.404000E-6	0.297214	6.653013E-8	2.293200E-5	0.051696	5.616605E-8	0.000000	0.000000	0.000000	0.000000	0.000000	0.000000
5.404000E-6	0.239631	6.851059E-8	7.104000E-6	0.021664	5.209808E-8	0.000000	0.000000	0.000000	0.000000	0.000000	0.000000
5.432000E-6	0.097569	5.710219E-8	6.932000E-6	0.015640	5.423425E-8	0.000000	0.000000	0.000000	0.000000	0.000000	0.000000
5.440000E-6	0.097807	7.453126E-8	7.204000E-6	0.052611	6.417248E-8	0.000000	0.000000	0.000000	0.000000	0.000000	0.000000
5.400000E-6	0.218128	6.726027E-8	6.772000E-6	0.028214	5.601154E-8	0.000000	0.000000	0.000000	0.000000	0.000000	0.000000
5.404000E-6	0.253363	6.392592E-8	7.608000E-6	0.019881	5.382588E-8	0.000000	0.000000	0.000000	0.000000	0.000000	0.000000
5.424000E-6	0.112170	5.945626E-8	9.244000E-6	0.050493	7.025206E-8	0.000000	0.000000	0.000000	0.000000	0.000000	0.000000
5.484000E-6	0.248145	6.245227E-8	7.628000E-6	0.061285	6.888457E-8	0.000000	0.000000	0.000000	0.000000	0.000000	0.000000
5.368000E-6	0.444090	6.675036E-8	1.325200E-5	0.017190	5.894028E-8	0.000000	0.000000	0.000000	0.000000	0.000000	0.000000
5.424000E-6	0.130144	6.170988E-8	6.960000E-6	0.039512	5.980253E-8	0.000000	0.000000	0.000000	0.000000	0.000000	0.000000
5.404000E-6	0.221114	6.671578E-8	7.080000E-6	0.082632	6.225536E-8	0.000000	0.000000	0.000000	0.000000	0.000000	0.000000
5.412000E-6	0.194951	6.223053E-8	7.864000E-6	0.027328	5.792637E-8	0.000000	0.000000	0.000000	0.000000	0.000000	0.000000
5.424000E-6	0.132035	7.012441E-8	3.055200E-5	0.059995	6.330896E-8	0.000000	0.000000	0.000000	0.000000	0.000000	0.000000
5.420000E-6	0.143104	6.486732E-8	6.764000E-6	0.051591	5.821460E-8	0.000000	0.000000	0.000000	0.000000	0.000000	0.000000
5.408000E-6	0.252563	7.051953E-8	6.616000E-6	0.019987	5.547862E-8	0.000000	0.000000	0.000000	0.000000	0.000000	0.000000
5.404000E-6	0.201232	6.829542E-8	6.660000E-6	0.012788	1.533961E-7	0.000000	0.000000	0.000000	0.000000	0.000000	0.000000
5.412000E-6	0.174937	7.459256E-8	6.772000E-6	0.022478	5.422994E-8	0.000000	0.000000	0.000000	0.000000	0.000000	0.000000
5.480000E-6	0.151248	6.262713E-8	1.108800E-5	0.035656	9.728559E-8	0.000000	0.000000	0.000000	0.000000	0.000000	0.000000
5.408000E-6	0.226500	7.198518E-8	1.046800E-5	0.035629	6.281036E-8	0.000000	0.000000	0.000000	0.000000	0.000000	0.000000
5.416000E-6	0.193811	5.926819E-8	7.108000E-6	0.039254	6.022997E-8	0.000000	0.000000	0.000000	0.000000	0.000000	0.000000
5.420000E-6	0.163088	7.399541E-8	8.204000E-6	0.013758	5.280900E-8	0.000000	0.000000	0.000000	0.000000	0.000000	0.000000
5.420000E-6	0.142858	6.229230E-8	8.192000E-6	0.066428	6.397014E-8	0.000000	0.000000	0.000000	0.000000	0.000000	0.000000
5.412000E-6	0.192332	6.443750E-8	6.960000E-6	0.024131	5.547212E-8	0.000000	0.000000	0.000000	0.000000	0.000000	0.000000
5.404000E-6	0.237707	6.625496E-8	6.848000E-6	0.020430	5.333897E-8	0.000000	0.000000	0.000000	0.000000	0.000000	0.000000
5.412000E-6	0.180591	6.646796E-8	7.940000E-6	0.032669	6.032906E-8	0.000000	0.000000	0.000000	0.000000	0.000000	0.000000
5.412000E-6	0.249590	6.107353E-8	6.572000E-6	0.021955	5.365522E-8	0.000000	0.000000	0.000000	0.000000	0.000000	0.000000
5.412000E-6	0.174071	6.472900E-8	8.948000E-6	0.031035	6.914304E-8	0.000000	0.000000	0.000000	0.000000	0.000000	0.000000
5.416000E-6	0.158701	6.795760E-8	6.612000E-6	0.023465	5.332539E-8	0.000000	0.000000	0.000000	0.000000	0.000000	0.000000
5.404000E-6	0.247917	6.522169E-8	6.528000E-6	0.022316	5.408381E-8	0.000000	0.000000	0.000000	0.000000	0.000000	0.000000
5.424000E-6	0.146781	6.825551E-8	8.224000E-6	0.038107	6.030664E-8	0.000000	0.000000	0.000000	0.000000	0.000000	0.000000
5.492000E-6	0.379186	6.466798E-8	3.059200E-5	0.141723	6.994827E-8	0.000000	0.000000	0.000000	0.000000	0.000000	0.000000
5.392000E-6	0.356049	6.238045E-8	6.924000E-6	0.024547	5.372217E-8	0.000000	0.000000	0.000000	0.000000	0.000000	0.000000
5.424000E-6	0.133087	6.394057E-8	6.624000E-6	0.027069	5.520448E-8	0.000000	0.000000	0.000000	0.000000	0.000000	0.000000
5.388000E-6	0.297859	7.004725E-8	6.628000E-6	0.017729	5.307925E-8	0.000000	0.000000	0.000000	0.000000	0.000000	0.000000
5.408000E-6	0.246748	6.605718E-8	6.604000E-6	0.023208	5.654617E-8	0.000000	0.000000	0.000000	0.000000	0.000000	0.000000
5.412000E-6	0.183719	6.337612E-8	6.632000E-6	0.025209	5.600729E-8	0.000000	0.000000	0.000000	0.000000	0.000000	0.000000
5.496000E-6	0.245413	6.309171E-8	6.560000E-6	0.024652	5.500270E-8	0.000000	0.000000	0.000000	0.000000	0.000000	0.000000
5.488000E-6	0.184995	7.306496E-8	6.868000E-6	0.112320	6.437287E-8	0.000000	0.000000	0.000000	0.000000	0.000000	0.000000
5.436000E-6	0.114313	7.385739E-8	6.652000E-6	0.025388	5.537070E-8	0.000000	0.000000	0.000000	0.000000	0.000000	0.000000
5.416000E-6	0.199326	5.873326E-8	6.676000E-6	0.060209	6.114514E-8	0.000000	0.000000	0.000000	0.000000	0.000000	0.000000
5.412000E-6	0.159085	7.902522E-8	8.784000E-6	0.034227	6.807288E-8	0.000000	0.000000	0.000000	0.000000	0.000000	0.000000
5.404000E-6	0.224948	6.614757E-8	2.542400E-5	0.021882	5.265564E-8	0.000000	0.000000	0.000000	0.000000	0.000000	0.000000
5.484000E-6	0.232031	6.665793E-8	7.116000E-6	0.081706	5.726615E-8	0.000000	0.000000	0.000000	0.000000	0.000000	0.000000
5.428000E-6	0.131127	6.223872E-8	6.608000E-6	0.024670	5.128502E-8	0.000000	0.000000	0.000000	0.000000	0.000000	0.000000
5.416000E-6	0.165972	6.583017E-8	6.616000E-6	0.021200	5.565605E-8	0.000000	0.000000	0.000000	0.000000	0.000000	0.000000
5.436000E-6	0.116087	6.977356E-8	4.262000E-5	0.130290	5.557694E-8	0.000000	0.000000	0.000000	0.000000	0.000000	0.000000
5.412000E-6	0.161294	6.878531E-8	6.632000E-6	0.019434	5.744036E-8	0.000000	0.000000	0.000000	0.000000	0.000000	0.000000
5.416000E-6	0.135198	6.672922E-8	1.126800E-5	0.085660	6.982751E-8	0.000000	0.000000	0.000000	0.000000	0.000000	0.000000
5.428000E-6	0.119067	6.013328E-8	6.900000E-6	0.015594	5.205433E-8	0.000000	0.000000	0.000000	0.000000	0.000000	0.000000
5.408000E-6	0.184717	6.629045E-8	9.220000E-6	0.037951	5.361689E-8	0.000000	0.000000	0.000000	0.000000	0.000000	0.000000
5.516000E-6	0.352128	7.024830E-8	6.684000E-6	0.020566	5.402800E-8	0.000000	0.000000	0.000000	0.000000	0.000000	0.000000
5.440000E-6	0.079812	5.497303E-8	6.528000E-6	0.273435	6.200021E-8	0.000000	0.000000	0.000000	0.000000	0.000000	0.000000
5.388000E-6	0.343901	6.736827E-8	6.556000E-6	0.019806	5.296368E-8	0.000000	0.000000	0.000000	0.000000	0.000000	0.000000
5.428000E-6	0.134292	7.320879E-8	9.636000E-6	0.040963	6.274998E-8	0.000000	0.000000	0.000000	0.000000	0.000000	0.000000
5.492000E-6	0.157604	7.536152E-8	6.972000E-6	0.028315	5.521471E-8	0.000000	0.000000	0.000000	0.000000	0.000000	0.000000
5.416000E-6	0.154327	7.827671E-8	9.392000E-6	0.055153	5.925227E-8	0.000000	0.000000	0.000000	0.000000	0.000000	0.000000
5.424000E-6	0.170009	6.398059E-8	7.496000E-6	0.054969	7.788786E-8	0.000000	0.000000	0.000000	0.000000	0.000000	0.000000
5.420000E-6	0.151000	6.343192E-8	7.828000E-6	0.075992	5.801139E-8	0.000000	0.000000	0.000000	0.000000	0.000000	0.000000
5.440000E-6	0.078729	5.527784E-8	8.084000E-6	0.011008	2.278248E-7	0.000000	0.000000	0.000000	0.000000	0.000000	0.000000
5.428000E-6	0.142917	6.085546E-8	6.772000E-6	0.069882	7.239894E-8	0.000000	0.000000	0.000000	0.000000	0.000000	0.000000
5.420000E-6	0.174274	6.034907E-8	6.636000E-6	0.037008	6.528742E-8	0.000000	0.000000	0.000000	0.000000	0.000000	0.000000
5.400000E-6	0.311348	6.388312E-8	1.207200E-5	0.074602	5.823667E-8	0.000000	0.000000	0.000000	0.000000	0.000000	0.000000
5.420000E-6	0.156157	6.026820E-8	9.400000E-6	0.108201	7.367402E-8	0.000000	0.000000	0.000000	0.000000	0.000000	0.000000
5.396000E-6	0.241264	7.469051E-8	8.328000E-6	0.072839	6.495049E-8	0.000000	0.000000	0.000000	0.000000	0.000000	0.000000
5.400000E-6	0.279877	6.288756E-8	6.916000E-6	0.021895	5.538761E-8	0.000000	0.000000	0.000000	0.000000	0.000000	0.000000
5.428000E-6	0.115740	5.849672E-8	6.672000E-6	0.031374	5.373194E-8	0.000000	0.000000	0.000000	0.000000	0.000000	0.000000
5.412000E-6	0.190261	6.451230E-8	6.692000E-6	0.022305	5.594920E-8	0.000000	0.000000	0.000000	0.000000	0.000000	0.000000
5.432000E-6	0.106797	6.217452E-8	6.464000E-6	0.058644	6.151690E-8	0.000000	0.000000	0.000000	0.000000	0.000000	0.000000
5.408000E-6	0.216510	6.653454E-8	6.576000E-6	0.082854	5.747050E-8	0.000000	0.000000	0.000000	0.000000	0.000000	0.000000
5.428000E-6	0.150860	6.945322E-8	6.524000E-6	0.025614	5.492384E-8	0.000000	0.000000	0.000000	0.000000	0.000000	0.000000
5.404000E-6	0.189644	6.902639E-8	6.512000E-6	0.017503	5.613504E-8	0.000000	0.000000	0.000000	0.000000	0.000000	0.000000
5.428000E-6	0.097985	5.807493E-8	6.604000E-6	0.019455	5.177832E-8	0.000000	0.000000	0.000000	0.000000	0.000000	0.000000
5.400000E-6	0.296710	6.387256E-8	7.340000E-6	0.018373	5.372222E-8	0.000000	0.000000	0.000000	0.000000	0.000000	0.000000
5.396000E-6	0.284770	6.944228E-8	8.848000E-6	0.019541	5.376274E-8	0.000000	0.000000	0.000000	0.000000	0.000000	0.000000
5.412000E-6	0.174129	6.417814E-8	6.576000E-6	0.030611	5.348973E-8	0.000000	0.000000	0.000000	0.000000	0.000000	0.000000
5.424000E-6	0.134829	5.884474E-8	7.600000E-6	0.028872	5.596080E-8	0.000000	0.000000	0.000000	0.000000	0.000000	0.000000
5.484000E-6	0.113622	6.381542E-8	1.011600E-5	0.124132	7.603795E-8	0.000000	0.000000	0.000000	0.000000	0.000000	0.000000
5.412000E-6	0.228640	6.398269E-8	6.584000E-6	0.029896	5.148861E-8	0.000000	0.000000	0.000000	0.000000	0.000000	0.000000
5.416000E-6	0.143226	6.057495E-8	3.837200E-5	0.064592	6.504306E-8	0.000000	0.000000	0.000000	0.000000	0.000000	0.000000
5.404000E-6	0.271248	6.266236E-8	6.604000E-6	0.023516	5.377594E-8	0.000000	0.000000	0.000000	0.000000	0.000000	0.000000
5.356000E-6	0.515415	7.069287E-8	1.008800E-5	0.020762	5.490860E-8	0.000000	0.000000	0.000000	0.000000	0.000000	0.000000
5.396000E-6	0.312352	6.375933E-8	3.954800E-5	0.216196	6.308748E-8	0.000000	0.000000	0.000000	0.000000	0.000000	0.000000
5.500000E-6	0.436096	6.787082E-8	6.768000E-6	0.025072	5.988991E-8	0.000000	0.000000	0.000000	0.000000	0.000000	0.000000
5.412000E-6	0.187940	6.316859E-8	7.112000E-6	0.018658	5.233328E-8	0.000000	0.000000	0.000000	0.000000	0.000000	0.000000
5.440000E-6	0.078621	5.614167E-8	6.716000E-6	0.020372	5.308854E-8	0.000000	0.000000	0.000000	0.000000	0.000000	0.000000
5.416000E-6	0.171766	6.290673E-8	1.161600E-5	0.046283	5.815713E-8	0.000000	0.000000	0.000000	0.000000	0.000000	0.000000
5.408000E-6	0.179828	6.623290E-8	6.808000E-6	0.028018	5.817094E-8	0.000000	0.000000	0.000000	0.000000	0.000000	0.000000
5.420000E-6	0.168735	6.858575E-8	6.568000E-6	0.022294	5.423537E-8	0.000000	0.000000	0.000000	0.000000	0.000000	0.000000
5.404000E-6	0.213806	7.016762E-8	6.980000E-6	0.021774	5.468883E-8	0.000000	0.000000	0.000000	0.000000	0.000000	0.000000
5.376000E-6	0.366391	6.812974E-8	7.288000E-6	0.030266	5.712415E-8	0.000000	0.000000	0.000000	0.000000	0.000000	0.000000
5.404000E-6	0.187447	7.034804E-8	2.919600E-5	0.126477	5.759287E-8	0.000000	0.000000	0.000000	0.000000	0.000000	0.000000
5.408000E-6	0.190853	8.272475E-8	1.523200E-5	0.069887	7.039102E-8	0.000000	0.000000	0.000000	0.000000	0.000000	0.000000
5.400000E-6	0.257600	6.931012E-8	6.764000E-6	0.041903	5.755215E-8	0.000000	0.000000	0.000000	0.000000	0.000000	0.000000
5.400000E-6	0.301492	6.513287E-8	1.731600E-5	0.225494	6.908298E-8	0.000000	0.000000	0.000000	0.000000	0.000000	0.000000
5.384000E-6	0.344232	6.798587E-8	6.832000E-6	0.023431	5.602790E-8	0.000000	0.000000	0.000000	0.000000	0.000000	0.000000
5.436000E-6	0.102231	6.132941E-8	6.520000E-6	0.055559	6.239203E-8	0.000000	0.000000	0.000000	0.000000	0.000000	0.000000
5.424000E-6	0.157380	6.269360E-8	8.100000E-6	0.021623	5.898271E-8	0.000000	0.000000	0.000000	0.000000	0.000000	0.000000
5.488000E-6	0.354188	6.141795E-8	6.516000E-6	0.032296	5.507898E-8	0.000000	0.000000	0.000000	0.000000	0.000000	0.000000
5.412000E-6	0.163581	7.084381E-8	6.860000E-6	0.019825	5.340097E-8	0.000000	0.000000	0.000000	0.000000	0.000000	0.000000
5.496000E-6	0.287795	6.322703E-8	6.556000E-6	0.031197	5.749477E-8	0.000000	0.000000	0.000000	0.000000	0.000000	0.000000
5.404000E-6	0.235250	6.546699E-8	6.996000E-6	0.105301	6.610747E-8	0.000000	0.000000	0.000000	0.000000	0.000000	0.000000
5.432000E-6	0.117036	6.722832E-8	1.383200E-5	0.096251	6.708146E-8	0.000000	0.000000	0.000000	0.000000	0.000000	0.000000
5.396000E-6	0.265031	6.732216E-8	6.756000E-6	0.086201	6.304178E-8	0.000000	0.000000	0.000000	0.000000	0.000000	0.000000
5.484000E-6	0.156688	6.743412E-8	1.782400E-5	0.308900	6.738441E-8	0.000000	0.000000	0.000000	0.000000	0.000000	0.000000
5.432000E-6	0.106673	6.340701E-8	6.604000E-6	0.018333	5.909726E-8	0.000000	0.000000	0.000000	0.000000	0.000000	0.000000
5.388000E-6	0.295298	7.198529E-8	6.648000E-6	0.028727	5.434307E-8	0.000000	0.000000	0.000000	0.000000	0.000000	0.000000
5.332000E-6	0.579644	8.252969E-8	7.040000E-6	0.029664	5.555928E-8	0.000000	0.000000	0.000000	0.000000	0.000000	0.000000
5.408000E-6	0.211064	7.166774E-8	7.080000E-6	0.045845	6.800679E-8	0.000000	0.000000	0.000000	0.000000	0.000000	0.000000
5.396000E-6	0.288520	6.895152E-8	6.724000E-6	0.021463	6.013751E-8	0.000000	0.000000	0.000000	0.000000	0.000000	0.000000
5.396000E-6	0.223677	6.755507E-8	6.432000E-6	0.052275	7.550812E-8	0.000000	0.000000	0.000000	0.000000	0.000000	0.000000
5.420000E-6	0.156223	6.165807E-8	7.060000E-6	0.019135	6.985010E-8	0.000000	0.000000	0.000000	0.000000	0.000000	0.000000
5.420000E-6	0.131024	6.858925E-8	3.645600E-5	0.019744	5.153055E-8	0.000000	0.000000	0.000000	0.000000	0.000000	0.000000
5.436000E-6	0.088580	6.104668E-8	7.108000E-6	0.027107	5.389467E-8	0.000000	0.000000	0.000000	0.000000	0.000000	0.000000
5.404000E-6	0.233065	6.552226E-8	9.652000E-6	0.058406	5.865947E-8	0.000000	0.000000	0.000000	0.000000	0.000000	0.000000
5.428000E-6	0.119781	5.829784E-8	9.788000E-6	0.069286	6.492409E-8	0.000000	0.000000	0.000000	0.000000	0.000000	0.000000
5.424000E-6	0.103901	6.632302E-8	6.708000E-6	0.058415	5.833724E-8	0.000000	0.000000	0.000000	0.000000	0.000000	0.000000
5.404000E-6	0.258377	6.410064E-8	9.396000E-6	0.035094	5.750479E-8	0.000000	0.000000	0.000000	0.000000	0.000000	0.000000
5.428000E-6	0.138223	6.617779E-8	7.860000E-6	0.110925	6.062104E-8	0.000000	0.000000	0.000000	0.000000	0.000000	0.000000
5.432000E-6	0.105775	6.501746E-8	6.884000E-6	0.032239	5.341465E-8	0.000000	0.000000	0.000000	0.000000	0.000000	0.000000
5.404000E-6	0.269476	6.362796E-8	6.772000E-6	0.042004	5.462283E-8	0.000000	0.000000	0.000000	0.000000	0.000000	0.000000
5.408000E-6	0.189325	6.960581E-8	1.256400E-5	0.039277	5.535717E-8	0.000000	0.000000	0.000000	0.000000	0.000000	0.000000
5.408000E-6	0.234783	6.408176E-8	6.748000E-6	0.024498	5.550569E-8	0.000000	0.000000	0.000000	0.000000	0.000000	0.000000
5.392000E-6	0.312246	6.770042E-8	6.560000E-6	0.017730	5.363191E-8	0.000000	0.000000	0.000000	0.000000	0.000000	0.000000
5.428000E-6	0.101586	6.070153E-8	4.154800E-5	0.022954	5.600172E-8	0.000000	0.000000	0.000000	0.000000	0.000000	0.000000
5.372000E-6	0.347734	7.409087E-8	6.636000E-6	0.018741	5.256305E-8	0.000000	0.000000	0.000000	0.000000	0.000000	0.000000
5.388000E-6	0.266235	7.210981E-8	6.576000E-6	0.029292	5.587845E-8	0.000000	0.000000	0.000000	0.000000	0.000000	0.000000
5.412000E-6	0.171948	6.758378E-8	1.134800E-5	0.116057	7.187012E-8	0.000000	0.000000	0.000000	0.000000	0.000000	0.000000
5.400000E-6	0.217345	7.056151E-8	3.688400E-5	0.181879	7.333551E-8	0.000000	0.000000	0.000000	0.000000	0.000000	0.000000
5.416000E-6	0.198569	7.218424E-8	7.500000E-6	0.027251	5.567905E-8	0.000000	0.000000	0.000000	0.000000	0.000000	0.000000
5.512000E-6	0.414491	6.575749E-8	7.164000E-6	0.035244	5.698406E-8	0.000000	0.000000	0.000000	0.000000	0.000000	0.000000
5.424000E-6	0.133664	5.774461E-8	6.644000E-6	0.018867	5.332448E-8	0.000000	0.000000	0.000000	0.000000	0.000000	0.000000
5.428000E-6	0.121537	6.719237E-8	7.112000E-6	0.043003	5.916417E-8	0.000000	0.000000	0.000000	0.000000	0.000000	0.000000
5.420000E-6	0.166339	6.373502E-8	3.245600E-5	0.046016	5.620245E-8	0.000000	0.000000	0.000000	0.000000	0.000000	0.000000
5.396000E-6	0.300089	6.519551E-8	6.568000E-6	0.020525	5.475734E-8	0.000000	0.000000	0.000000	0.000000	0.000000	0.000000
5.388000E-6	0.295870	7.040513E-8	9.516000E-6	0.068011	5.752581E-8	0.000000	0.000000	0.000000	0.000000	0.000000	0.000000
5.400000E-6	0.283076	7.476749E-8	6.476000E-6	0.036624	5.723275E-8	0.000000	0.000000	0.000000	0.000000	0.000000	0.000000
5.392000E-6	0.353943	6.730406E-8	6.520000E-6	0.013481	1.398076E-7	0.000000	0.000000	0.000000	0.000000	0.000000	0.000000
5.420000E-6	0.201593	7.017397E-8	1.164800E-5	0.059904	6.514083E-8	0.000000	0.000000	0.000000	0.000000	0.000000	0.000000
5.480000E-6	0.232985	7.230355E-8	6.572000E-6	0.024937	5.580537E-8	0.000000	0.000000	0.000000	0.000000	0.000000	0.000000
5.396000E-6	0.311097	6.441704E-8	6.636000E-6	0.021461	5.408853E-8	0.000000	0.000000	0.000000	0.000000	0.000000	0.000000
5.488000E-6	0.127145	6.981404E-8	7.532000E-6	0.053807	6.782309E-8	0.000000	0.000000	0.000000	0.000000	0.000000	0.000000
5.416000E-6	0.175987	6.260819E-8	6.440000E-6	0.078221	6.388616E-8	0.000000	0.000000	0.000000	0.000000	0.000000	0.000000
5.400000E-6	0.267816	6.725375E-8	6.688000E-6	0.021051	5.371004E-8	0.000000	0.000000	0.000000	0.000000	0.000000	0.000000
5.404000E-6	0.268120	6.409859E-8	7.692000E-6	0.028578	5.816026E-8	0.000000	0.000000	0.000000	0.000000	0.000000	0.000000
5.404000E-6	0.218130	6.986893E-8	6.616000E-6	0.021842	5.801569E-8	0.000000	0.000000	0.000000	0.000000	0.000000	0.000000
5.396000E-6	0.269675	6.749712E-8	3.955200E-5	0.022688	5.981677E-8	0.000000	0.000000	0.000000	0.000000	0.000000	0.000000
5.408000E-6	0.202784	7.288756E-8	9.284000E-6	0.078517	5.707048E-8	0.000000	0.000000	0.000000	0.000000	0.000000	0.000000
5.408000E-6	0.202729	6.560879E-8	7.828000E-6	0.019911	5.182715E-8	0.000000	0.000000	0.000000	0.000000	0.000000	0.000000
5.412000E-6	0.193891	6.302534E-8	6.796000E-6	0.064750	6.224196E-8	0.000000	0.000000	0.000000	0.000000	0.000000	0.000000
5.484000E-6	0.157454	6.165304E-8	6.856000E-6	0.029171	5.627612E-8	0.000000	0.000000	0.000000	0.000000	0.000000	0.000000
5.436000E-6	0.105510	6.863931E-8	8.568000E-6	0.037906	6.256761E-8	0.000000	0.000000	0.000000	0.000000	0.000000	0.000000
5.408000E-6	0.252027	6.538422E-8	6.608000E-6	0.023810	5.551801E-8	0.000000	0.000000	0.000000	0.000000	0.000000	0.000000
5.428000E-6	0.115861	6.900800E-8	7.380000E-6	0.023778	5.121383E-8	0.000000	0.000000	0.000000	0.000000	0.000000	0.000000
5.428000E-6	0.114971	5.909140E-8	6.636000E-6	0.031286	6.564656E-8	0.000000	0.000000	0.000000	0.000000	0.000000	0.000000
5.400000E-6	0.291158	6.528347E-8	6.540000E-6	0.021650	5.655422E-8	0.000000	0.000000	0.000000	0.000000	0.000000	0.000000
5.492000E-6	0.191180	6.504821E-8	1.066800E-5	0.024987	5.403400E-8	0.000000	0.000000	0.000000	0.000000	0.000000	0.000000
5.400000E-6	0.288096	6.384402E-8	6.968000E-6	0.030959	5.565495E-8	0.000000	0.000000	0.000000	0.000000	0.000000	0.000000
5.484000E-6	0.131443	6.345764E-8	6.600000E-6	0.024706	5.276558E-8	0.000000	0.000000	0.000000	0.000000	0.000000	0.000000
5.408000E-6	0.211454	6.720114E-8	6.516000E-6	0.022264	5.624873E-8	0.000000	0.000000	0.000000	0.000000	0.000000	0.000000
5.424000E-6	0.129416	5.984326E-8	8.820000E-6	0.034535	5.469397E-8	0.000000	0.000000	0.000000	0.000000	0.000000	0.000000
5.432000E-6	0.118829	6.581192E-8	7.248000E-6	0.025784	5.463697E-8	0.000000	0.000000	0.000000	0.000000	0.000000	0.000000
5.492000E-6	0.180488	6.153747E-8	9.972000E-6	0.043179	5.800675E-8	0.000000	0.000000	0.000000	0.000000	0.000000	0.000000
5.424000E-6	0.142465	6.249566E-8	6.536000E-6	0.016771	5.297002E-8	0.000000	0.000000	0.000000	0.000000	0.000000	0.000000
5.492000E-6	0.202355	6.170848E-8	6.572000E-6	0.033023	5.512660E-8	0.000000	0.000000	0.000000	0.000000	0.000000	0.000000
5.476000E-6	0.135150	6.939290E-8	6.576000E-6	0.026482	5.729006E-8	0.000000	0.000000	0.000000	0.000000	0.000000	0.000000
