0.700615373474
	0.471602912340
	0.291066428148
	0.221654106811
	0.262399621937
	0.351137884852
	0.401063227859
	0.344212756899
	0.167380439056
	-0.060182423230
	-0.164220355966
	-0.020242163484
	0.269324749194
	0.570809423258
	0.816248993137
	0.939129882008
	0.904987350503
	0.735724185050
	0.506872757589
	0.313613355065
	0.224552997158
	0.250481961202
	0.337287629009
	0.399130633870
	0.361606101647
	0.202167121923
	-0.026845190338
	-0.163576158245
	-0.057605632295
	0.220204661641
	0.524749255310
	0.783716968789
	0.929789000426
	0.920931268116
	0.769222503326
	0.544075199431
	0.338414975406
	0.231156025201
	0.240980042619
	0.323276323935
	0.395104396411
	0.376583704399
	0.235504360767
	0.009551982309
	-0.156006835017
	-0.090620766002
	0.170762477619
	0.476917546423
	0.747641855674
	0.915938728182
	0.932204745639
	0.800144030262
	0.580633445603
	0.366115487389
	0.239852696353
	0.232122321992
	0.308298722235
	0.388018218540
	0.387535070051
	0.265298512410
	0.046754402803
	-0.141834485133
	-0.117999169366
	0.123252889160
	0.428924791814
	0.709634150495
	0.898384314119
	0.940418279487
	0.829455063178
	0.617674843012
	0.396392792395
	0.252092455887
	0.226163491798
	0.293804269240
	0.378677347820
	0.395587544905
	0.293321120812
	0.084762071321
	-0.122025405143
	-0.139740842534
	0.076548549657
	0.379643644785
	0.668888605732
	0.876642609784
	0.944283471952
	0.855545105296
	0.654716243175
	0.428441643296
	0.267553205007
	0.222781453056
	0.279309816497
	0.367564932812
	0.400257980363
	0.318283790004
	0.122447641914
	-0.096740644414
	-0.154718439574
	0.031937854292
	0.330684600150
	0.626049420195
	0.851679913761
	0.943961372578
	0.878575205674
	0.690147150373
	0.461456792857
	0.285268647039
	0.221170958421
	0.265298512410
	0.354519924108
	0.401063227859
	0.339059173347
	0.158200620148
	-0.068073845455
	-0.162770911093
	-0.009612900706
	0.282208707026
	0.582888139282
	0.823979375546
	0.940901428543
	0.899672711453
	0.726544357901
	0.497692934650
	0.307815573798
	0.224230898230
	0.254186098981
	0.341958064091
	0.400580079361
	0.358385111848
	0.194114648937
	-0.034736612653
	-0.163737207675
	-0.048425814573
	0.232283371457
	0.536022722632
	0.791769449821
	0.931560546914
	0.915938728182
	0.759720576239
	0.532962781479
	0.331811946537
	0.228418184300
	0.242590537287
	0.326980462034
	0.395909643901
	0.373040615548
	0.226807689655
	0.000050065499
	-0.158100477612
	-0.081924096664
	0.184129582519
	0.489801508029
	0.757787980926
	0.920126019735
	0.929627950746
	0.792413648310
	0.570809423258
	0.358868260317
	0.237275904892
	0.234377014507
	0.312647058184
	0.389950812498
	0.385119327613
	0.257729187306
	0.037091436369
	-0.146343869189
	-0.111235093254
	0.135653696817
	0.441486653406
	0.720102374051
	0.903537903482
	0.938646732955
	0.822046779930
	0.608172919072
	0.388179268036
	0.248710417052
	0.227290838048
	0.297508407204
	0.381254139730
	0.393977049927
	0.285912844938
	0.074615956331
	-0.127823184658
	-0.134748310183
	0.089110406338
	0.393171802439
	0.680001026672
	0.883084596122
	0.944122422265
	0.848942069780
	0.644731169810
	0.419744970035
	0.262882770349
	0.223103551983
	0.282852904923
	0.370624873159
	0.398808534873
	0.311358662345
	0.111818378309
	-0.104309967703
	-0.146182819758
	0.043694463427
	0.344212756899
	0.638128137536
	0.859088197572
	0.945249770075
	0.873099517346
	0.681450472901
	0.453082218171
	0.280598212286
	0.221654106811
	0.269324749194
	0.358707210827
	0.401385326858
	0.334066639315
	0.149181850765
	-0.075643168797
	-0.161321466220
	0.001016362122
	0.294931615575
	0.594000558272
	0.831387658830
	0.941384577600
	0.894035973151
	0.716881382161
	0.487707864249
	0.301212545184
	0.222620403592
	0.256440791550
	0.345179053819
	0.400580079361
	0.353070478710
	0.184290631977
	-0.044238529287
	-0.164542454827
	-0.038440749650
	0.245489427697
	0.548423536951
	0.800466129514
	0.934459441187
	0.911912486350
	0.751023897398
	0.523460859059
	0.324886818759
	0.226968739120
	0.245489427697
	0.330684600150
	0.397359089385
	0.369175427730
	0.218433117547
	-0.009290801833
	-0.160677268498
	-0.073871625037
	0.196852489745
	0.502041271814
	0.766645709518
	0.923185963592

