0.395265445909
	0.678712630028
	0.631364055788
	0.258373385185
	-0.181935793297
	0.783394869551
	1.412455264079
	1.713779902121
	1.692843382851
	1.349645793695
	0.687087208281
	0.600281490850
	1.153164981276
	1.373803280478
	1.269120853730
	0.841694835806
	0.248710417052
	0.994692027594
	1.415515213034
	1.509407349529
	1.280072244151
	0.729443250664
	0.521206165627
	1.084235678671
	1.313570617591
	1.218068054091
	0.798694583635
	0.199912429480
	1.004838159498
	1.489115049354
	1.646621997568
	1.480901499775
	0.992920480785
	0.355164122063
	0.882601447143
	1.079887335330
	0.949759161349
	0.497048736555
	0.244362081425
	1.134000056795
	1.683663525053
	1.906395980031
	1.806705863093
	1.386526224430
	0.647630062056
	0.601569887286
	0.703675315658
	0.477078595941
	-0.070489586949
	0.391239208472
	1.175550903027
	1.627457035823
	1.753720344674
	1.559171807390
	1.043329043655
	0.283175003871
	0.930111099787
	1.285870039257
	1.314697966770
	1.019493683900
	0.402995821853
	0.734274738645
	1.316952665142
	1.568190609962
	1.495557049222
	1.100823803824
	0.386568773075
	0.810612256057
	1.153487080858
	1.169108910983
	0.859732396171
	0.229867629482
	0.779529678714
	1.431620208152
	1.752915093741
	1.750499340958
	1.426305559648
	0.782589621457
	0.572419918711
	0.847814722264
	0.792091549065
	0.411692494896
	-0.070006438650
	0.917066075903
	1.571572661019
	1.897377162826
	1.901081319841
	1.583329315082
	0.946699217264
	0.490284656594
	0.793218896423
	0.763424717281
	0.408310455366
	-0.141029237980
	0.838312793331
	1.509729449546
	1.853088334453
	1.873219618825
	1.572700011382
	0.952335956389
	0.476917546423
	0.852968310935
	0.894197022815
	0.610266563314
	0.005203647492
	0.690469249541
	1.436934856771
	1.853571485254
	1.946497511708
	1.717484055746
	1.168625761585
	0.380287842762
	0.698038580073
	0.708184704176
	0.392688653947
	-0.224935991202
	0.680645224996
	1.382661026200
	1.754686645799
	1.802679607407
	1.530343851540
	0.936875186432
	0.433434177999
	0.966508329447
	1.162989018671
	1.033343960304
	0.581116594248
	0.285107597565
	1.128846463864
	1.632771688912
	1.810410018395
	1.665625910876
	1.199708374456
	0.415396633448
	0.718652927698
	0.832515006299
	0.619929536855
	0.084601021876
	0.428119544285
	1.253337968303
	1.744218383855
	1.910583288163
	1.755975047306
	1.280394343876
	0.486097369038
	0.714626687853
	0.893230724829
	0.742971417147
	0.269646848137
	0.267553205007
	1.157835425243
	1.711203099637
	1.938606044963
	1.844069519726
	1.429365508773
	0.694978637928
	0.607206621732
	0.780979125274
	0.625083122821
	0.145638762811
	0.233249668249
	1.107909993478
	1.645655696935
	1.858886144140
	1.749371989669
	1.319690513190
	0.570004175532
	0.707540505813
	1.011763297322
	0.986800591879
	0.636678691440
	0.000855312685
	0.897740115454
	1.553212955885
	1.879983730841
	1.883687887521
	1.566419059429
	0.929305851385
	0.492539349906
	0.707701555404
	0.590940616787
	0.149664999123
	0.054001627664
	0.954751701756
	1.516654600014
	1.752431943182
	1.665786960995
	1.258330513596
	0.531674385210
	0.732342143446
	1.196326328335
	1.330480855775
	1.139636799163
	0.626371519320
	0.474018655099
	1.173779355201
	1.538396352812
	1.576887312780
	1.293117283314
	0.688536654532
	0.605112977502
	1.048321585445
	1.159768022768
	0.946377117888
	0.410887247387
	0.519434620794
	1.288768936857
	1.722959761225
	1.832634951648
	1.620048731730
	1.087295624022
	0.388501367029
	0.743937714769
	0.770832999463
	0.471602912340
	-0.147632264633
	0.661963473975
	1.394739770863
	1.795110246937
	1.873541719391
	1.630355937492
	1.067164405154
	0.375778456931
	0.846687374751
	0.984706945699
	0.796600938516
	0.285590745989
	0.428763742308
	1.267188255466
	1.769664313813
	1.947785914474
	1.803323808312
	1.338211250734
	0.555348667148
	0.622345280270
	0.683705167045
	0.417007128477
	-0.169696036597
	0.503812816593
	1.244158127191
	1.653225052003
	1.738420577468
	1.501999049264
	0.945249770075
	0.340830717689
	1.003549761779
	1.327743007615
	1.325810408931
	1.000489817216
	0.353714676664
	0.795151491902
	1.329675606313
	1.535175352270
	1.415837312926
	0.975043963499
	0.290422230245

