0.286557042838
	0.281564509130
	0.175916060212
	-0.008324505214
	-0.153107945269
	-0.108819351784
	0.113428872789
	0.381737288214
	0.624277875010
	0.787743209285
	0.826878268989
	0.732825292245
	0.549389834183
	0.350976835364
	0.212957435823
	0.174466615106
	0.217949969159
	0.279792964918
	0.289133834441
	0.199912429480
	0.022919085692
	-0.139579793104
	-0.130399975551
	0.071556016902
	0.339381272318
	0.590296418582
	0.770994049078
	0.831709758107
	0.757626931317
	0.583210238380
	0.381093090235
	0.229062382158
	0.174466615106
	0.208287001434
	0.272867837579
	0.295253714529
	0.222942502520
	0.055773171523
	-0.121059108557
	-0.147954363494
	0.030649458775
	0.296703159819
	0.554060270826
	0.749896550154
	0.832031857383
	0.778885480245
	0.616547496095
	0.413302989916
	0.249032515988
	0.177848653691
	0.200717676781
	0.265781660823
	0.298796803021
	0.243234735155
	0.088466208557
	-0.097545891573
	-0.158261527043
	-0.007841356905
	0.252575604293
	0.514442085384
	0.724289663543
	0.827039318625
	0.794990442278
	0.646180615930
	0.444063445558
	0.269163699722
	0.181391741743
	0.191376808135
	0.254508197919
	0.297669456681
	0.258534434655
	0.117455108998
	-0.072422180143
	-0.163415108814
	-0.042950133813
	0.209736446587
	0.475629150277
	0.697394381725
	0.820436283590
	0.809645958280
	0.676618985488
	0.477239645459
	0.292676922907
	0.188638967341
	0.184773780350
	0.244201031958
	0.295253714529
	0.272062590217
	0.146282960620
	-0.043916430418
	-0.161965663941
	-0.074998971066
	0.166414142325
	0.434400475042
	0.666956010813
	0.808840710134
	0.820597333224
	0.703675315658
	0.509932698601
	0.317800641561
	0.198301934882
	0.179459148259
	0.232927569318
	0.290261180769
	0.282047657552
	0.171889823810
	-0.013961235484
	-0.155201587865
	-0.103182621682
	0.123736037508
	0.393010752942
	0.634746096651
	0.794668343031
	0.828005616444
	0.729443250664
	0.542625753599
	0.345340103305
	0.210863792818
	0.176238159125
	0.222620403592
	0.284302350192
	0.290100131294
	0.196691440285
	0.017121305901
	-0.143283930008
	-0.126051640918
	0.081863181317
	0.350815785876
	0.600120441296
	0.776952884843
	0.832031857383
	0.752956492681
	0.575479860087
	0.374167961999
	0.225680343406
	0.174949763474
	0.211669040127
	0.276088827032
	0.295092665052
	0.218272068084
	0.048203847773
	-0.125890591487
	-0.144250226592
	0.041117672377
	0.307815573798
	0.563884292862
	0.756016435230
	0.832837105576
	0.773731892527
	0.607689770401
	0.404767366353
	0.243556834089
	0.176560258038
	0.202489220843
	0.267070056593
	0.297669456681
	0.237759053290
	0.079125340763
	-0.104632066566
	-0.156167884448
	0.002465807057
	0.264493265056
	0.525876602032
	0.732020044247
	0.829616112815
	0.791608400199
	0.638933385370
	0.436816217657
	0.264010116643
	0.180586494458
	0.193953599478
	0.257568137836
	0.298152605112
	0.254669247388
	0.109563686040
	-0.079669404610
	-0.162448812232
	-0.034092414914
	0.221332007884
	0.486419468080
	0.704963712373
	0.822690978468
	0.806263916079
	0.668888605732
	0.468381922010
	0.286234943888
	0.186706373844
	0.186384274928
	0.247099922373
	0.296058961912
	0.268519501836
	0.138713636387
	-0.051968902118
	-0.163254059384
	-0.066946499424
	0.177848653691
	0.445673940658
	0.675330588853
	0.812222752358
	0.817859489460
	0.696750183378
	0.501397073713
	0.311197612865
	0.195564094070
	0.180747543915
	0.235826459699
	0.292354823955
	0.279631915444
	0.165608895050
	-0.022335806147
	-0.157617329321
	-0.096096446687
	0.135170548464
	0.404445267353
	0.643764872398
	0.799016682885
	0.826556169716
	0.723001266772
	0.534251177752
	0.337931826950
	0.207642803589
	0.177365505321
	0.225197195014
	0.286234943888
	0.288489636539
	0.190732610301
	0.008907784558
	-0.146504918619
	-0.120737009695
	0.092814543585
	0.361284002666
	0.609139216413
	0.781301224510
	0.830743460278
	0.746675558044
	0.566300036013
	0.365954437898
	0.221170958421
	0.174949763474
	0.214406880982
	0.278343519656
	0.294126368193
	0.213118485285
	0.040151375734
	-0.130561024982
	-0.139901891965
	0.051585886040
	0.318927987929
	0.573064116894
	0.761331072341
	0.832031857383
	0.767934106420
	0.598832044864
	0.396070693399
	0.238403251155
	0.175593961299

