-0.125568492625
	-0.142478682855
	0.055773171523
	0.329557253765
	0.590457468133
	0.783555919170
	0.854900906704
	0.786776911562
	0.612038108449
	0.405089465353
	0.246455724502
	0.187189522218
	0.221332007884
	0.291227477624
	0.320377433262
	0.253219802168
	0.085245219656
	-0.104793115997
	-0.152785846409
	0.015671860955
	0.285590745989
	0.552449775427
	0.760042675459
	0.853129360582
	0.806424965707
	0.644892219378
	0.436977267165
	0.266586908179
	0.190249461925
	0.212313237975
	0.281564509130
	0.321987928079
	0.271901540745
	0.117455108998
	-0.078864157448
	-0.160194120207
	-0.022496855582
	0.240980042619
	0.511543193876
	0.732503193046
	0.847331573329
	0.822207829564
	0.675008489695
	0.469187169591
	0.287523339688
	0.193953599478
	0.202811319764
	0.269968947081
	0.319894284817
	0.286718092313
	0.147249257334
	-0.050680506648
	-0.161321466220
	-0.056800385128
	0.196369341367
	0.470314516206
	0.703514266069
	0.838151743690
	0.835897048724
	0.704802662783
	0.502685469915
	0.312163909744
	0.202328171383
	0.196530390826
	0.258695484124
	0.316512245713
	0.299602050408
	0.176399208581
	-0.019920064613
	-0.156651032739
	-0.087721876225
	0.152402839822
	0.427797445273
	0.670660151081
	0.824623574087
	0.845237927954
	0.732342143446
	0.536183772167
	0.338253925920
	0.212474287437
	0.191054709218
	0.246616773970
	0.310392365467
	0.309103969631
	0.202650270304
	0.011645625002
	-0.146665968050
	-0.113650834724
	0.108919488249
	0.384475129631
	0.636678691440
	0.808196511619
	0.851679913761
	0.757787980926
	0.569843125988
	0.366759685354
	0.225841392870
	0.187994769508
	0.235182261836
	0.302984089441
	0.316029097271
	0.226485590727
	0.044499710630
	-0.131044173275
	-0.134748310183
	0.066563484164
	0.340830717689
	0.600442540404
	0.788870556631
	0.854578807409
	0.780818075656
	0.603502481946
	0.396392792395
	0.241946339419
	0.187350571676
	0.224391947694
	0.294287417670
	0.320055334299
	0.248388318116
	0.077514846321
	-0.110429846098
	-0.149564857799
	0.025817975595
	0.296864209296
	0.562112747891
	0.766001511069
	0.853773559171
	0.801110328017
	0.636034493176
	0.428119544285
	0.260628077764
	0.189122115716
	0.214406880982
	0.284302350192
	0.321987928079
	0.267392155535
	0.109241587144
	-0.085789283039
	-0.158422576473
	-0.012833889432
	0.252736653762
	0.522655611404
	0.740072524294
	0.848619970489
	0.818181588725
	0.667278109965
	0.460651545287
	0.281725558604
	0.193148352182
	0.205549160596
	0.272706788106
	0.320538482743
	0.283013954397
	0.139357834192
	-0.058410879463
	-0.161643565081
	-0.047781616837
	0.208609100357
	0.481587982473
	0.711405696003
	0.841050637237
	0.832837105576
	0.697555431312
	0.494310894657
	0.296220011389
	0.200234528400
	0.198301934882
	0.261594374585
	0.317639592080
	0.296542110342
	0.168990933609
	-0.027972536384
	-0.158583625904
	-0.079508355178
	0.164159449957
	0.439393009790
	0.680001026672
	0.828810864629
	0.843466381876
	0.725578060317
	0.527648146886
	0.331167748601
	0.209575397125
	0.192504154347
	0.249837763329
	0.312002860264
	0.306688227445
	0.195564094070
	0.003110004806
	-0.149886956660
	-0.107208857470
	0.120837147422
	0.396714891392
	0.646341665500
	0.813672199033
	0.851035715175
	0.751345996611
	0.561629599264
	0.359190359296
	0.222459354129
	0.188961066258
	0.238564300621
	0.305238782137
	0.314579651946
	0.220687810031
	0.035803040849
	-0.135231458475
	-0.129111580105
	0.077997994653
	0.353070478710
	0.610588662429
	0.794668343031
	0.854739857057
	0.775503438298
	0.594966855586
	0.389145565015
	0.238081152223
	0.187994769508
	0.227935035906
	0.297186308250
	0.320216383780
	0.243717883557
	0.069462374139
	-0.115744477330
	-0.145699671467
	0.036286189169
	0.308620821194
	0.572258869166
	0.772443495607
	0.853773559171
	0.795956740020
	0.626854668008
	0.419906019539
	0.255474494734
	0.188155818967
	0.216983672382
	0.286879141788
	0.321987928079
	0.262882770349
	0.100867015894
	-0.092392309754
	-0.156651032739
	-0.002687774930
	0.264493265056
	0.533123831013
	0.747158706859
	0.850552566237
	0.813994298295
	0.659386680789
	0.452438020123
	0.276571975451
	0.192182055429
	0.208448050895
	0.276894074397
	0.321826878597
	0.279954014392

